34063,,2017-01-17 18:58:00.500844,"
でも、3,4ヶ月前くらいから、"
34238,,2017-12-30 18:58:00.519778,(12月30日)から
34241,,,(去年の5月頃から
34242,28,,(現在20代後半)から
34243,45,,(現在40代)から
34244,,,(産前から
34246,,,)、かなり昔から
34248,,2015-05-17 18:58:00.532573,"1,2年ほど前から、"
34249,,,1.5から
34250,,,1.5から
34251,,,1.ヶ月前から
34252,,2016-07-17 18:58:00.534448,10ヶ月くらい前から
34253,15,,10代から
34254,15,,10代のころから
34255,18,,10代の後半頃から
34256,15,,10代の時から
34257,15,,10代の頃から
34258,15,,10代の頃から
34259,15,,10代の頃から
34260,15,,10代の頃から
34261,15,,10代の頃から
34262,15,,10代の頃から
34263,15,,10代の頃から
34264,15,,10代の頃から、
34265,15,,10代の頃から、
34266,13,,10代前半頃から
34267,18,,10代後半の頃より
34268,,,10分ほど放置したらヒリヒリしてから
34269,,2007-05-17 18:58:00.539083,10年くらい前から
34270,,2007-05-17 18:58:00.539523,10年くらい前から
34271,,2007-05-17 18:58:00.539945,10年くらい前から、
34272,,2007-05-17 18:58:00.540426,10年ぐらい前から
34273,,2007-05-17 18:58:00.540881,10年ぐらい前から、
34274,,2007-05-17 18:58:00.541311,10年ほど前から
34275,,2007-05-17 18:58:00.541807,10年ほど前から
34276,,2007-05-17 18:58:00.542424,10年ほど前から
34277,,2007-05-17 18:58:00.542967,10年ほど前から
34278,,2007-05-17 18:58:00.543489,10年ほど前から
34279,,2007-05-17 18:58:00.543938,10年ほど前から
34280,,2007-05-17 18:58:00.544343,10年ほど前から
34281,,2007-05-17 18:58:00.544911,10年ほど前から
34282,,2007-05-17 18:58:00.545843,10年ほど前から
34283,,2007-05-17 18:58:00.546671,10年ほど前から
34284,,2007-05-17 18:58:00.547399,10年ほど前から
34285,,2007-05-17 18:58:00.548506,10年ほど前から
34286,,2007-05-17 18:58:00.549129,10年ほど前から
34287,,2007-05-17 18:58:00.549713,10年ほど前から、
34288,,2007-05-17 18:58:00.550525,10年ほど前から、
34289,,2007-05-17 18:58:00.551258,10年ほど前から、
34290,,2007-05-17 18:58:00.551864,10年ほど前から、
34291,,2007-05-17 18:58:00.552332,10年ほど前から、
34292,,2007-05-17 18:58:00.552811,10年ほど前から、
34293,,2007-05-17 18:58:00.553292,10年ほど前から、
34294,,2007-05-17 18:58:00.553775,10年ほど前から、
34295,,2007-05-17 18:58:00.554241,10年ほど前からから
34296,,2007-05-17 18:58:00.554723,10年ほど前より
34297,,2007-05-17 18:58:00.555198,10年以上前/昔から
34298,,2007-05-17 18:58:00.555677,10年以上前から
34299,,2007-05-17 18:58:00.556212,10年以上前から
34300,,2007-05-17 18:58:00.556702,10年以上前から
34301,,2007-05-17 18:58:00.557078,10年以上前から
34302,,2007-05-17 18:58:00.557332,10年以上前から
34303,,2007-05-17 18:58:00.557563,10年以上前から
34304,,2007-05-17 18:58:00.557782,10年以上前から
34305,,2007-05-17 18:58:00.558154,10年以上前から、
34306,,2007-05-17 18:58:00.558613,10年以上前から、
34307,,2007-05-17 18:58:00.559094,10年以上前から、
34308,,0010-05-17 18:58:00.559577,10年以上昔から
34309,,2007-05-17 18:58:00.562386,10年前から
34310,,2007-05-17 18:58:00.563249,10年前から
34311,,2007-05-17 18:58:00.564100,10年前から
34312,,2007-05-17 18:58:00.564727,10年前から
34313,,2007-05-17 18:58:00.565202,10年前から
34314,,2007-05-17 18:58:00.565645,10年前から
34315,,2007-05-17 18:58:00.566038,10年前から、
34316,,2007-05-17 18:58:00.566438,10年前くらいから
34317,,2007-05-17 18:58:00.566834,10年前くらいから
34318,,2007-05-17 18:58:00.567240,10年前くらいから、
34319,,2007-05-17 18:58:00.567643,10年前くらい前から
34320,,2007-05-17 18:58:00.568047,10年前ぐらいから
34321,,2007-05-17 18:58:00.568447,10年前ぐらいから
34322,,2007-05-17 18:58:00.568945,10年前に就職をしてから、
34323,,2007-05-17 18:58:00.569464,10年前ほどから
34324,,2007-05-17 18:58:00.569880,10年前位から、
34325,,2007-05-17 18:58:00.570333,10年程前から
34326,,2007-05-17 18:58:00.570758,10年程前から
34327,,2007-05-17 18:58:00.571157,10年程前から
34328,,2007-05-17 18:58:00.571544,10年程前から
34329,,2007-05-17 18:58:00.571938,10年程前から
34330,,2007-05-17 18:58:00.572340,10年程前から
34331,,2007-05-17 18:58:00.572808,10年程前に強制猥褻未遂、DV他等にあってから
34332,,2007-05-17 18:58:00.573241,10年近く前から、
34333,,2014-05-17 18:58:00.573637,10数年前から
34334,,2014-05-17 18:58:00.574101,10数年前から
34335,,2017-05-07 18:58:00.574432,10日くらい前から
34336,,2017-05-07 18:58:00.574660,10日程前から
34337,,2017-05-17 10:58:00.574889,10時から
34338,,2017-05-17 10:58:00.575732,10時半から
34339,,2017-10-17 18:58:00.576227,10月ごろから
34340,,2017-10-17 18:58:00.576795,10月に生理がきてから
34341,13,2017-10-17 18:58:00.578698,10月中旬から
34342,,2017-10-17 18:58:00.579649,10月頃から
34343,,2017-10-17 18:58:00.580036,10月頃から
34344,10,,10歳くらいから
34345,,2017-11-07 18:58:00.581331,11月7日から
34346,,2017-11-17 18:58:00.581947,11月から
34347,,2017-11-17 18:58:00.582410,11月から
34348,,2017-11-17 18:58:00.582874,11月ごろから、
34349,,2017-11-17 18:58:00.583338,11月に入った頃から
34350,,2017-11-17 18:58:00.583791,11月に入ってから
34351,,2017-11-17 18:58:00.584226,11月上旬から
34352,13,2017-11-17 18:58:00.584669,11月中頃から
34353,,2016-11-17 18:58:00.585099,11月前から
34354,,2017-11-17 18:58:00.585527,11月頃から
34355,11,2017-05-12 18:58:00.585960,11歳の娘が5日前から、
34356,,2017-12-05 18:58:00.586355,12/5から
34357,,2005-05-17 18:58:00.586752,12年前から
34358,,2005-05-17 18:58:00.587164,12年前から
34359,,2017-12-31 18:58:00.587463,12月31日から
34360,,2017-12-17 18:58:00.587745,12月から
34361,,2017-12-17 18:58:00.587994,12月くらいから
34362,,2017-12-17 18:58:00.588246,12月に入ってから、
34363,,2017-12-17 18:58:00.588500,12月より
34364,13,2017-12-17 18:58:00.588747,12月中旬から、
34365,13,2017-12-17 18:58:00.588992,12月中頃から、
34366,,2017-12-17 18:58:00.589265,12月末頃から
34367,,2017-12-17 18:58:00.589767,12月頃から
34368,,,130から
34369,,2004-05-17 18:58:00.590445,13年前から
34370,,2002-05-17 18:58:00.590784,15年くらい前から
34371,,2002-05-17 18:58:00.591164,15年くらい前から
34372,,2002-05-17 18:58:00.591514,15年くらい前から、
34373,,2002-05-17 18:58:00.591868,15年ほど前から
34374,,2002-05-17 18:58:00.592105,15年ほど前から
34375,,2002-05-17 18:58:00.592317,15年ほど前から
34376,,2002-05-17 18:58:00.592528,15年ほど前から
34377,,2002-05-17 18:58:00.592735,15年ほど前から
34378,,2002-05-17 18:58:00.593047,15年ほど前から、
34379,,2002-05-17 18:58:00.593511,15年ほど前から、
34380,,2002-04-17 18:58:00.593979,15年ほど前の思春期の頃から、
34381,,2002-05-17 18:58:00.594482,15年前から
34382,,2002-05-17 18:58:00.594980,15年前から
34383,,2002-05-17 18:58:00.595459,15年前より
34384,,2002-05-17 18:58:00.596092,15年程前から
34385,15,,15歳の時から、
34386,15,,15歳位から
34387,,0016-03-17 18:58:00.597610,16年3月から
34388,,0016-11-17 18:58:00.598303,16年の11月から
34389,16,2016-07-17 18:58:00.599029,16歳の長女、10か月ほど前から
34391,,,18から
34392,,,18の頃から
34393,18,,18歳くらいから
34394,18,,18歳ぐらいから、
34395,18,,18歳ごろから
34396,18,,18歳になってから
34397,19,,19歳から
34398,19,,19歳くらいの時から
34399,,2017-04-17 18:58:00.602918,1か月ほど前から
34400,,2017-04-17 18:58:00.603362,1か月ほど前から
34402,,2017-04-17 18:58:00.603846,1か月ほど前から
34403,,2017-04-17 18:58:00.604308,1か月ほど前から
34404,,2017-04-17 18:58:00.604698,1か月ほど前から
34405,,2017-04-17 18:58:00.605076,1か月ほど前から、
34406,,2017-04-17 18:58:00.605482,1か月ほど前から、
34407,,2017-04-17 18:58:00.605986,1か月前から
34408,,2017-04-17 18:58:00.606446,1か月前から
34409,,2017-04-17 18:58:00.606937,1か月前から、
34410,,2017-04-17 18:58:00.607481,1か月前から、
34411,,2017-04-17 18:58:00.608044,1か月前くらいから
34412,,2017-04-17 18:58:00.608622,1か月前くらいから、
34413,,2017-04-17 18:58:00.609253,1か月前位から、
34414,,2017-04-17 18:58:00.609901,1か月前頃から、
34415,,2017-04-17 18:58:00.610433,1か月近く前から
34417,,2017-04-17 18:58:00.611275,1ケ月くらい前から
34418,,2017-04-17 18:58:00.611801,1ヵ月ぐらい前から
34419,,2017-04-17 18:58:00.612771,1ヵ月前から
34420,,2017-04-17 18:58:00.613629,1ヵ月前から
34421,,2017-04-17 18:58:00.614451,1ヵ月前くらいから
34422,,2017-04-17 18:58:00.615292,1ヵ月程前から
34423,,,1ヶ月から
34424,,,1ヶ月から
34425,,,1ヶ月くらいから、
34426,,2017-04-17 18:58:00.617525,1ヶ月くらい前から
34427,,2017-04-17 18:58:00.617903,1ヶ月くらい前から、
34428,,2017-04-17 18:58:00.618273,1ヶ月くらい前に突き指をしてから
34429,,2017-04-17 18:58:00.618651,1ヶ月ほど前から
34430,,2017-04-17 18:58:00.618991,1ヶ月ほど前から
34431,,2017-04-17 18:58:00.619328,1ヶ月ほど前から
34432,,2017-04-17 18:58:00.619717,1ヶ月ほど前から
34433,,2017-04-17 18:58:00.620032,1ヶ月ほど前から
34434,,2017-04-17 18:58:00.620364,1ヶ月ほど前から
34435,,2017-04-17 18:58:00.620638,1ヶ月ほど前から
34436,,2017-04-17 18:58:00.620894,1ヶ月ほど前から
34437,,2017-04-17 18:58:00.621144,1ヶ月ほど前から
34438,,2017-04-17 18:58:00.621388,1ヶ月ほど前から、
34439,,2017-04-17 18:58:00.621632,1ヶ月ほど前から、
34440,,2017-04-17 18:58:00.621875,1ヶ月ほど前から、
34441,,2017-04-17 18:58:00.622117,1ヶ月ほど前から、
34442,,2017-04-17 18:58:00.622360,1ヶ月ほど前から、
34443,,2017-04-17 18:58:00.622602,1ヶ月位前から、
34444,,2017-04-17 18:58:00.622983,1ヶ月前から
34445,,2017-04-17 18:58:00.623306,1ヶ月前から
34446,,2017-04-17 18:58:00.623664,1ヶ月前から
34447,,2017-04-17 18:58:00.623985,1ヶ月前から
34448,,2017-04-17 18:58:00.624380,1ヶ月前から
34449,,2017-04-17 18:58:00.624714,1ヶ月前から、
34450,,2017-04-17 18:58:00.625042,1ヶ月前から、
34451,,2017-04-17 18:58:00.625301,1ヶ月前ぐらいから、
34452,,2017-04-17 18:58:00.625634,1ヶ月前より
34453,,2017-04-17 18:58:00.626052,1ヶ月程前から
34454,,2017-04-17 18:58:00.626500,1ヶ月程前から
34455,,2017-04-17 18:58:00.626963,1ヶ月程前から、
34456,,2017-04-17 18:58:00.627456,1ヶ月程前から、
34457,,,1周間ほど前から
34458,,2016-05-17 18:58:00.628530,1年くらい前から
34459,,2016-05-17 18:58:00.628948,1年くらい前から
34460,,2016-05-17 18:58:00.629313,1年くらい前から
34461,,2016-05-17 18:58:00.629674,1年くらい前から
34462,,2016-05-17 18:58:00.630892,1年くらい前から
34463,,2016-05-17 18:58:00.631415,1年くらい前から
34464,,2016-05-17 18:58:00.631982,1年くらい前から
34465,,2016-05-17 18:58:00.632715,1年くらい前から
34466,,2016-05-17 18:58:00.633387,1年くらい前から
34467,,2016-05-17 18:58:00.634737,1年くらい前から
34468,,2016-05-17 18:58:00.635897,1年くらい前から
34469,,2016-05-17 18:58:00.636460,1年くらい前から
34470,,2016-05-17 18:58:00.636900,1年くらい前から
34471,,2016-05-17 18:58:00.637300,1年くらい前から、
34472,,2016-05-17 18:58:00.637686,1年くらい前から、
34473,,2016-05-17 18:58:00.638063,1年ぐらい前から、
34474,,2016-05-17 18:58:00.638441,1年ぐらい前から、
34475,,2016-05-17 18:58:00.638816,1年ほど前から
34476,,2016-05-17 18:58:00.639179,1年ほど前から
34477,,2016-05-17 18:58:00.639549,1年ほど前から
34478,,2016-05-17 18:58:00.639806,1年ほど前から
34479,,2016-05-17 18:58:00.640031,1年ほど前から
34480,,2016-05-17 18:58:00.640257,1年ほど前から
34481,,2016-05-17 18:58:00.640471,1年ほど前から
34482,,2016-05-17 18:58:00.640743,1年ほど前から
34483,,2016-05-17 18:58:00.641194,1年ほど前から
34484,,2016-05-17 18:58:00.641581,1年ほど前から
34485,,2016-05-17 18:58:00.641964,1年ほど前から
34486,,2016-05-17 18:58:00.642366,1年ほど前から
34487,,2016-05-17 18:58:00.642760,1年ほど前から
34488,,2016-05-17 18:58:00.643159,1年ほど前から
34489,,2016-05-17 18:58:00.643564,1年ほど前から
34490,,2016-05-17 18:58:00.643956,1年ほど前から
34491,,2016-05-17 18:58:00.644335,1年ほど前から
34492,,2016-05-17 18:58:00.644860,1年ほど前から
34493,,2016-05-17 18:58:00.645359,1年ほど前から
34494,,2016-05-17 18:58:00.645841,1年ほど前から
34495,,2016-05-17 18:58:00.646298,1年ほど前から
34496,,2016-05-17 18:58:00.646739,1年ほど前から
34497,,2016-05-17 18:58:00.647195,1年ほど前から
34498,,2016-05-17 18:58:00.647767,1年ほど前から
34499,,2016-05-17 18:58:00.648304,1年ほど前から
34500,,2016-05-17 18:58:00.648736,1年ほど前から
34501,,2016-05-17 18:58:00.649140,1年ほど前から
34502,,2016-05-17 18:58:00.649549,1年ほど前から
34503,,2016-05-17 18:58:00.649947,1年ほど前から
34504,,2016-05-17 18:58:00.650326,1年ほど前から、
34505,,2016-05-17 18:58:00.650707,1年ほど前から、
34506,,2016-05-17 18:58:00.650964,1年ほど前から、
34507,,2016-05-17 18:58:00.651337,1年ほど前から、
34508,,2016-05-17 18:58:00.651730,1年ほど前から、
34509,,2016-05-17 18:58:00.652119,1年ほど前から、
34510,,2016-05-17 18:58:00.652509,1年ほど前から、
34511,,2016-05-17 18:58:00.652999,1年ほど前から、
34512,,2016-05-17 18:58:00.653428,1年ほど前に現在の事務仕事に転職してから、
34513,,2016-05-17 18:58:00.653866,1年以上前から
34514,,2016-05-17 18:58:00.654260,1年以上前から
34516,,2016-05-17 18:58:00.654787,1年位前から
34517,,2016-05-17 18:58:00.655166,1年位前より
34518,,2016-05-17 18:58:00.655549,1年前から
34519,,2016-05-17 18:58:00.655932,1年前から
34520,,2016-05-17 18:58:00.656409,1年前から
34521,,2016-05-17 18:58:00.656795,1年前から
34522,,2016-05-17 18:58:00.657174,1年前から
34523,,2016-05-17 18:58:00.657545,1年前から
34524,,2016-05-17 18:58:00.657940,1年前から
34525,,2016-05-17 18:58:00.658332,1年前から
34526,,2016-05-17 18:58:00.658699,1年前から
34527,,2016-05-17 18:58:00.659067,1年前から
34528,,2016-05-17 18:58:00.659411,1年前から
34529,,2016-05-17 18:58:00.659748,1年前から
34530,,2016-05-17 18:58:00.660085,1年前から
34532,,2016-05-17 18:58:00.660570,1年前から
34533,,2016-05-17 18:58:00.661350,1年前から
34534,,2016-05-17 18:58:00.661937,1年前から
34535,,2016-05-17 18:58:00.662482,1年前くらいから
34536,,2016-05-17 18:58:00.663033,1年前くらいから
34537,,2016-05-17 18:58:00.663589,1年前くらいから
34538,,2016-05-17 18:58:00.664083,1年前くらいから
34539,,2016-05-17 18:58:00.664708,1年前くらいから
34540,,2016-05-17 18:58:00.665289,1年前くらいから、
34541,,2016-05-17 18:58:00.665658,1年前くらいから、
34542,,2016-05-17 18:58:00.666039,1年前ぐらいから
34544,,2016-05-17 18:58:00.666577,1年前位から
34545,,2016-05-17 18:58:00.667023,1年半ほど前から
34546,,2016-05-17 18:58:00.667728,1年半前から
34547,,2016-05-17 18:58:00.668308,1年半前から
34548,,2016-05-17 18:58:00.668701,1年半前くらいから、
34549,,2016-05-17 18:58:00.668978,1年半前の産後から
34550,,2016-05-17 18:58:00.669232,1年程前から
34551,,2016-05-17 18:58:00.669469,1年程前から
34552,,2016-05-17 18:58:00.669706,1年程前から
34553,,2016-05-17 18:58:00.669934,1年程前から
34554,,2016-05-17 18:58:00.670158,1年程前から
34555,,2016-05-17 18:58:00.670377,1年程前から
34556,,2016-05-17 18:58:00.670597,1年程前から
34557,,2016-05-17 18:58:00.670861,1年程前から
34558,,2016-05-17 18:58:00.671115,1年程前から
34559,,2016-05-17 18:58:00.671404,1年程前から、
34560,,2017-05-01 18:58:00.671621,1日3錠から
34561,13,2017-05-01 18:58:00.671843,1日中布団から
34562,,2017-05-16 18:58:00.672057,1日前から、
34563,,2017-05-01 18:58:00.672294,1日目の後半から
34564,,2017-05-17 01:58:00.672513,1時間から
34565,,2017-05-17 01:58:00.672848,1時間から
34567,,2017-01-17 18:58:00.673364,1月あたりから
34568,,2017-01-17 18:58:00.673836,1月から
34569,,2017-01-17 18:58:00.674275,1月から
34570,,2017-01-17 18:58:00.674726,1月から
34571,,2017-01-17 18:58:00.675104,1月ころから、
34572,13,2017-01-17 18:58:00.675504,1月中旬ごろから、
34573,13,2017-01-17 18:58:00.675912,1月中旬より、
34574,,2017-01-17 18:58:00.676295,1月初旬から、
34575,,2017-01-17 18:58:00.676713,1月前から
34576,,2017-01-17 18:58:00.677147,1月半ばから
34577,,2017-01-17 18:58:00.677758,1月半ばから
34578,,2017-01-17 18:58:00.678425,1月半ばくらいから
34579,,2017-01-17 18:58:00.679355,1月程前から、
34580,,2017-01-17 18:58:00.679838,1月頃から
34581,,2017-01-17 18:58:00.680562,1月頃から、
34582,1,,1歳あたりから
34583,1,,1歳ぐらいの頃から
34584,1,,1歳の頃より
34585,1,,1歳半から
34586,1,2017-11-17 18:58:00.683753,1歳半の娘が、去年の11月に保育園に入園してから
34587,,,1週刊前から
34589,,2017-05-10 18:58:00.684556,1週間くらい前から
34590,,2017-05-10 18:58:00.684918,1週間くらい前から
34591,,2017-05-10 18:58:00.685274,1週間ぐらい前から
34592,,2017-05-10 18:58:00.685826,1週間ぐらい前から、
34593,,2017-05-10 18:58:00.686922,1週間ほど前から
34594,,2017-05-10 18:58:00.687435,1週間ほど前から
34595,,2017-05-10 18:58:00.687898,1週間ほど前から
34596,,2017-05-10 18:58:00.688357,1週間ほど前から
34597,,2017-05-10 18:58:00.688809,1週間ほど前から
34598,,2017-05-10 18:58:00.689261,1週間ほど前から
34599,,2017-05-10 18:58:00.689871,1週間ほど前から
34600,,2017-05-10 18:58:00.690365,1週間ほど前から
34601,,2017-05-10 18:58:00.690879,1週間ほど前から
34602,,2017-05-10 18:58:00.692094,1週間ほど前から、
34603,,2017-05-10 18:58:00.692995,1週間ほど前から、
34604,,2017-05-10 18:58:00.693613,1週間前から
34605,,2017-05-10 18:58:00.694124,1週間前から
34606,,2017-05-10 18:58:00.696136,1週間前から
34607,,2017-05-10 18:58:00.697806,1週間前から
34608,,2017-05-10 18:58:00.698744,1週間前から
34609,,2017-05-10 18:58:00.700536,1週間前から
34610,,2017-05-10 18:58:00.702004,1週間前から
34611,,2017-05-10 18:58:00.705646,1週間前から
34612,,2017-05-10 18:58:00.713031,1週間前から
34613,,2017-05-10 18:58:00.714718,1週間前から
34614,,2017-05-10 18:58:00.715332,1週間前から
34615,,2017-05-10 18:58:00.715803,1週間前から
34616,,2017-05-10 18:58:00.718300,1週間前から
34617,,2017-05-10 18:58:00.718976,1週間前から、
34618,,2017-05-10 18:58:00.719455,1週間前くらいから
34619,,2017-05-10 18:58:00.720017,1週間前ぐらいから
34620,,2017-05-10 18:58:00.720492,1週間前程から
34621,,2017-05-10 18:58:00.721394,1週間程前から
34622,,2017-05-10 18:58:00.722129,1週間程前から
34623,,2017-05-10 18:58:00.722602,1週間程前から
34624,,,1６週頃から
34625,,2017-03-17 18:58:00.723608,1～2ヶ月前から
34626,,2017-02-17 18:58:00.724088,"2,3ヶ月前から"
34627,,2014-05-17 18:58:00.724563,"2,3年前あたりから、"
34628,,2014-05-17 18:58:00.725049,"2,3年前から"
34629,,2014-05-17 18:58:00.726099,"2,3年前から"
34630,,2014-05-17 18:58:00.726922,"2,3年前から"
34631,,2014-05-17 18:58:00.727376,"2,3年前くらいから"
34632,,2014-05-17 18:58:00.727807,"2,3年前ほどから"
34633,,2017-05-14 18:58:00.728231,"2,3日前から、"
34634,,2017-02-17 18:58:00.728654,2-3ヶ月前から、
34635,,2017-02-17 18:58:00.729115,2-3ヶ月程前より
34636,,,2.0から、
34637,,2017-02-17 18:58:00.734564,2.3ヶ月前から
34638,,2014-05-17 18:58:00.735077,2.3年ほど前から
34639,,2014-05-17 18:58:00.735863,2.3年前から
34640,,2017-05-14 18:58:00.736312,2.3日前から
34641,,2017-02-03 18:58:00.736815,2/3(金)より
34642,,2005-07-17 18:58:00.737233,2005年夏頃から
34643,,2006-05-17 18:58:00.737945,2006年から
34644,,2010-05-17 18:58:00.738779,2010年頃より
34645,,2012-05-17 18:58:00.740289,2012年頃から、
34646,,2013-05-17 18:58:00.741647,2013年から
34647,,2013-05-17 18:58:00.742445,2013年から
34648,,2014-05-17 18:58:00.743036,2014年頃から
34649,,,2015.10〜/夫の精子をのどに受けてから
34651,,2015-02-17 18:58:00.744660,2015年2月頃から
34652,,2015-07-17 18:58:00.746705,2015年、夏頃から
34653,,2015-05-17 18:58:00.747692,2015年の5月くらいから
34654,14,2015-05-17 18:58:00.748522,2015年中頃から
34655,,2016-11-17 18:58:00.749281,2016年11月より
34656,,2016-12-05 18:58:00.750003,2016年12月5日の起床時から
34657,,2016-12-17 18:58:00.750842,2016年12月から
34658,,2016-01-17 18:58:00.751959,2016年1月頃より
34659,,2016-04-17 18:58:00.752617,2016年4月ごろより
34660,,2016-11-17 18:58:00.754310,2016年の11月ごろから、
34661,,2016-06-17 18:58:00.755124,2016年の6月ごろから
34662,,2016-10-17 18:58:00.755747,2016年の約秋頃から、
34663,,2016-04-17 18:58:00.756283,2016年春頃より、
34664,,2016-05-17 18:58:00.756784,2016年暮れ頃から、
34665,,2016-10-17 18:58:00.757372,2016年秋頃から、
34666,,2017-01-17 18:58:00.757997,2017年1月あたりから、
34667,,2017-01-17 18:58:00.758658,2017年1月の終わり頃から
34668,,2017-01-17 18:58:00.759324,2017年1月頃から
34669,,,2017年の今年に入ってから、
34670,,2017-01-17 18:58:00.760807,2017年１月から
34671,,2017-01-17 18:58:00.762071,2017年１月から
34672,,,20:00頃から
34673,,,20を過ぎてから、
34674,,,20ミリから
34675,25,,20代から
34676,25,,20代から
34677,25,,20代から
34679,23,,20代の前半頃から
34680,25,,20代の女です
34682,25,,20代の頃から
34683,25,,20代を超えてから
34684,23,,20代前半から
34685,23,,20代前半から、
34686,25,,20代半ば頃から
34687,28,,20代後半から
34688,28,,20代後半から
34689,28,,20代後半から
34691,28,,20代後半になってから、
34692,25,,20代過ぎから
34693,,1997-05-17 18:58:00.771677,20年ほど前から
34694,,1997-05-17 18:58:00.772111,20年ほど前から
34695,,1997-05-17 18:58:00.772545,20年以上前から
34696,,1997-05-17 18:58:00.773104,20年以上前から、
34697,,1997-05-17 18:58:00.773661,20年前から
34698,,1997-05-17 18:58:00.774194,20年前から
34699,,1997-05-17 18:58:00.774576,20年前より
34700,20,,20歳から
34701,20,,20歳くらいから
34702,20,,20歳になってから
34703,20,,20歳の頃から
34704,20,,20歳を超えた頃から
34705,20,,20歳を過ぎた頃から、
34706,20,,20歳を過ぎてから
34707,20,,20歳前後から
34708,20,,20歳頃から
34709,20,,20歳頃から、
34710,,2017-05-21 18:58:00.779002,21日から
34711,22,,22歳頃から
34712,23,,23才になった頃から、
34713,23,,23歳ごろから
34714,23,,23歳男です
34715,24,2016-11-17 18:58:00.781666,24歳男性半年前から
34716,24,,24歳頃から
34717,,1992-05-17 18:58:00.782858,25年くらい前から
34718,25,,25歳くらいから
34719,25,,25歳頃から
34720,29,,29歳女
34721,,2014-05-17 18:58:00.785204,2、3年前から
34722,,2014-05-17 18:58:00.785698,2、3年前から、
34723,,2017-05-14 18:58:00.786155,2、3日前から
34724,,2017-05-14 18:58:00.786601,2、3日曜前から、
34725,,2017-02-17 18:58:00.787147,2〜3ヶ月前から、
34726,,2014-05-17 18:58:00.787756,2〜3年ほど前から
34727,,2014-05-17 18:58:00.788194,2〜3年前から
34728,,2014-05-17 18:58:00.788584,2〜3年前から、
34729,,2014-05-17 18:58:00.788961,2〜3年前から、
34730,,2014-05-17 18:58:00.789344,2〜3年程前から、
34731,,2017-05-14 18:58:00.789770,2〜3日前から
34732,,2017-05-14 18:58:00.790212,2〜3日前から、
34733,,2017-04-26 18:58:00.790705,2〜3週間くらい前から、
34734,,2017-04-26 18:58:00.791246,2〜3週間ほど前から
34735,,2017-04-26 18:58:00.791718,2〜3週間前から、
34736,,2017-03-17 18:58:00.792116,2か月ぐらい前から
34737,,,2か月ごろから
34738,,2017-03-17 18:58:00.792998,2か月ほど前から、
34739,,2017-03-17 18:58:00.793459,2か月以上前から
34740,,2017-03-17 18:58:00.793906,2か月前から
34741,,2017-03-07 18:58:00.794330,2か月前から10日間ぐらい続いてから
34742,,2017-03-17 18:58:00.794853,2か月程前から
34743,,2017-03-17 18:58:00.795332,2か月程前から
34744,,,2カ月ほど前から、
34745,,,2カ月ほど前から、
34746,,,2カ月前から
34748,,2017-03-17 18:58:00.797250,2ケ月ほど前から
34749,,2017-03-17 18:58:00.797730,2ヵ月くらい前から
34750,,,2ヶ月から
34751,,2017-03-17 18:58:00.798515,2ヶ月くらい前から
34752,,,2ヶ月ぐらいの頃から、
34753,,2017-03-17 18:58:00.799313,2ヶ月ぐらい前から
34754,,2017-03-17 18:58:00.799764,2ヶ月ほど前から
34755,,2017-03-17 18:58:00.800187,2ヶ月ほど前から
34756,,2017-03-17 18:58:00.800619,2ヶ月ほど前から
34757,,2017-03-17 18:58:00.801073,2ヶ月ほど前から
34758,,2017-03-17 18:58:00.801576,2ヶ月ほど前から
34759,,2017-03-17 18:58:00.802058,2ヶ月ほど前から
34760,,2017-03-17 18:58:00.802509,2ヶ月ほど前から、
34761,,2017-03-17 18:58:00.802964,2ヶ月ほど前から、
34762,,2017-03-17 18:58:00.803440,2ヶ月ほど前から、
34763,,2017-03-17 18:58:00.803898,2ヶ月ほど前から、
34764,,2017-03-17 18:58:00.804372,2ヶ月ほど前から、
34765,,2017-03-17 18:58:00.804840,2ヶ月ほど前より、
34766,,2017-03-17 18:58:00.805304,2ヶ月前から
34767,,2017-03-17 18:58:00.805722,2ヶ月前から
34768,,2017-03-17 18:58:00.806153,2ヶ月前から
34769,,2017-03-17 18:58:00.806712,2ヶ月前から
34770,,2017-03-17 18:58:00.807218,2ヶ月前から
34771,,2017-03-17 18:58:00.807658,2ヶ月前から
34773,,2017-03-17 18:58:00.808170,2ヶ月程前から
34774,,2017-03-17 18:58:00.808532,2ヶ月程前から
34775,,2017-03-17 18:58:00.809010,2ヶ月程前から
34776,,2017-03-17 18:58:00.809422,2ヶ月程前から
34777,,2017-03-17 18:58:00.809931,2ヶ月程前から、
34778,,,2回サラ金から
34779,,,2回目の投与後から
34780,,2015-05-17 18:58:00.810978,2年くらい前から
34781,,2015-05-17 18:58:00.811363,2年くらい前から
34782,,2015-05-17 18:58:00.811735,2年くらい前から
34783,,2015-05-17 18:58:00.812127,2年くらい前から
34784,,2015-05-17 18:58:00.812500,2年くらい前から
34785,,2015-05-17 18:58:00.812862,2年くらい前から
34786,,2015-05-17 18:58:00.813287,2年くらい前から
34787,,2015-05-17 18:58:00.813665,2年くらい前から、
34788,,2015-05-17 18:58:00.814039,2年くらい前から、
34789,,2015-05-17 18:58:00.814398,2年くらい前から、
34790,,2015-05-17 18:58:00.814907,2年くらい前から、
34791,,2015-05-17 18:58:00.815296,2年ほど前から
34792,,2015-05-17 18:58:00.815650,2年ほど前から
34793,,2015-05-17 18:58:00.815995,2年ほど前から
34794,,2015-05-17 18:58:00.816338,2年ほど前から
34795,,2015-05-17 18:58:00.816688,2年ほど前から
34796,,2015-05-17 18:58:00.817210,2年ほど前から
34797,,2015-05-17 18:58:00.817575,2年ほど前から
34798,,2015-05-17 18:58:00.817933,2年ほど前から
34799,,2015-05-17 18:58:00.818442,2年ほど前から
34800,,2015-05-17 18:58:00.818857,2年ほど前から
34801,,2015-05-17 18:58:00.819226,2年ほど前から
34802,,2015-05-17 18:58:00.819584,2年ほど前から
34803,,2015-05-17 18:58:00.820045,2年ほど前から
34804,,2015-05-17 18:58:00.820448,2年ほど前から
34805,,2015-05-17 18:58:00.821168,2年ほど前から
34806,,2015-05-17 18:58:00.821558,2年ほど前から
34807,,2015-05-17 18:58:00.822037,2年ほど前から
34808,,2015-05-17 18:58:00.822479,2年ほど前から
34809,,2015-05-17 18:58:00.822850,2年ほど前から
34810,,2015-05-17 18:58:00.823215,2年ほど前から
34811,,2015-05-17 18:58:00.823675,2年ほど前から
34812,,2015-05-17 18:58:00.824208,2年ほど前から、
34813,,2015-05-17 18:58:00.824608,2年ほど前から、
34814,,2015-05-17 18:58:00.824970,2年ほど前から、
34815,,2015-05-17 18:58:00.825617,2年ほど前から、
34816,,2015-05-17 18:58:00.826038,2年ほど前から、
34817,,2015-05-17 18:58:00.826644,2年ほど前から、
34818,,2015-05-17 18:58:00.827053,2年ほど前から、
34819,,2015-05-17 18:58:00.827432,2年ほど前から、
34820,,2015-05-17 18:58:00.827795,2年ほど前から、
34821,,2015-05-17 18:58:00.828292,2年ほど前から、
34822,,2015-05-17 18:58:00.828775,2年ほど前から、
34823,,2015-05-17 18:58:00.829184,2年ほど前から、
34824,,2015-05-17 18:58:00.829556,2年ほど前から、
34825,,2015-05-17 18:58:00.829916,2年ほど前より、
34826,,2015-05-17 18:58:00.830451,2年位前から、
34827,,2015-05-17 18:58:00.830878,2年前から
34828,,2015-05-17 18:58:00.831271,2年前から
34829,,2015-05-17 18:58:00.831648,2年前から
34830,,2015-05-17 18:58:00.832160,2年前から
34831,,2015-05-17 18:58:00.832579,2年前から
34832,,2015-05-17 18:58:00.832984,2年前から
34833,,2015-05-17 18:58:00.833433,2年前から
34834,,2015-05-17 18:58:00.833828,2年前から
34835,,2015-05-17 18:58:00.834236,2年前から
34836,,2015-05-17 18:58:00.834637,2年前から
34837,,2015-05-17 18:58:00.835023,2年前から
34838,,2015-05-17 18:58:00.835392,2年前から
34839,,2015-05-17 18:58:00.835896,2年前くらいから
34840,,2015-05-17 18:58:00.836300,2年前くらいから
34841,,2015-05-17 18:58:00.836695,2年前くらいから、
34842,,2015-05-17 18:58:00.837074,2年前ぐらいから
34843,,2015-05-17 18:58:00.837454,2年前ぐらいから
34844,,2015-07-17 18:58:00.837834,2年前の夏頃から
34845,,2015-05-17 18:58:00.838390,2年前ほどから
34847,,2015-05-17 18:58:00.838928,2年前位から、
34848,,2015-05-17 18:58:00.839303,2年前位から、
34849,,2015-05-17 18:58:00.839803,2年前程から
34850,,2015-05-17 18:58:00.840185,2年前程より、
34851,,2015-05-17 18:58:00.840646,2年前？の頃から
34852,,2015-05-17 18:58:00.841026,2年半ほど前から
34853,,2015-05-17 18:58:00.841391,2年半前から
34854,,2015-05-17 18:58:00.841745,2年半前くらいに子育てを始めだしてから
34855,,2015-05-17 18:58:00.842123,2年程前から
34856,,2015-05-17 18:58:00.842471,2年程前から
34857,,2015-05-17 18:58:00.842817,2年程前から
34858,,2015-05-17 18:58:00.843199,2年程前から
34859,,2015-05-17 18:58:00.843545,2年程前から
34860,,2015-05-17 18:58:00.843891,2年程前から
34861,,2015-05-17 18:58:00.844235,2年程前から
34862,,2015-05-17 18:58:00.844576,2年程前から、
34863,,,2度ほどきてから
34864,,2017-05-15 18:58:00.845482,2日くらい前から
34866,,2017-05-17 02:58:00.846037,2時から
34867,,2017-05-17 02:58:00.847153,2時間から
34868,,2017-05-17 02:58:00.850261,2時間後位から
34869,,2017-02-10 18:58:00.851456,2月10日から
34870,,2017-02-11 18:58:00.852150,2月11日ごろから
34871,,2017-02-23 18:58:00.852641,2月23日から
34872,,2017-02-02 18:58:00.853102,2月2日のお昼頃から
34873,,2017-02-17 18:58:00.853546,2月から
34874,,2017-02-17 18:58:00.854749,2月から
34875,,2017-02-17 18:58:00.855654,2月に入ってから
34876,,2017-02-17 18:58:00.856146,2月上旬から
34877,,2017-02-17 18:58:00.856732,2月下旬から
34878,,2017-02-17 18:58:00.857170,2月下旬から
34879,2,,2歳から
34880,2,,2歳のころから、
34881,2,,2歳の頃から
34882,2,,2歳半の娘は保育園に通うようになってから
34883,2,,2歳過ぎた頃から、
34884,2,,2歳頃から
34885,2,,2歳頃から、
34886,,,2週間から
34887,,,2週間から
34888,,2017-05-03 18:58:00.860910,2週間くらい前から
34889,,2017-05-03 18:58:00.861300,2週間くらい前から、
34890,,2017-05-03 18:58:00.861672,2週間ぐらい前から
34891,,2017-05-03 18:58:00.862141,2週間ほど前から
34892,,2017-05-03 18:58:00.862586,2週間ほど前から
34893,,2017-05-03 18:58:00.863004,2週間ほど前から
34894,,2017-05-03 18:58:00.863609,2週間ほど前から
34895,,2017-05-03 18:58:00.863993,2週間ほど前から
34896,,2017-05-03 18:58:00.864566,2週間ほど前から
34897,,2017-05-03 18:58:00.864960,2週間ほど前から
34898,,2017-05-03 18:58:00.865380,2週間ほど前から
34899,,2017-05-03 18:58:00.865891,2週間ほど前から
34900,,2017-05-03 18:58:00.866308,2週間ほど前から
34901,,2017-05-03 18:58:00.866715,2週間ほど前から
34902,,2017-05-03 18:58:00.867074,2週間ほど前から
34903,,2017-05-03 18:58:00.868051,2週間ほど前から
34904,,2017-05-03 18:58:00.868662,2週間ほど前から
34905,,2017-05-03 18:58:00.869199,2週間ほど前から
34906,,2017-05-03 18:58:00.869669,2週間ほど前から
34907,,2017-05-03 18:58:00.870089,2週間ほど前から、
34908,,2017-05-03 18:58:00.870500,2週間ほど前から、
34909,,2017-05-03 18:58:00.871196,2週間ほど前から、
34910,,2017-05-03 18:58:00.871592,2週間ほど前より
34911,,2017-05-03 18:58:00.872177,2週間前から
34912,,2017-05-03 18:58:00.872616,2週間前から
34913,,2017-05-03 18:58:00.873007,2週間前から
34914,,2017-05-03 18:58:00.873389,2週間前から
34915,,2017-05-03 18:58:00.873801,2週間前から、
34916,,2017-05-03 18:58:00.874289,2週間前から、
34917,,2017-05-03 18:58:00.874716,2週間前くらいから
34918,,2017-05-03 18:58:00.875151,2週間前くらいから
34919,,2017-05-03 18:58:00.875738,2週間前くらいから
34920,,2017-05-03 18:58:00.876159,2週間前ぐらいから
34921,,2017-05-03 18:58:00.876532,2週間前上司に仕事に対する姿勢を怒られてから、
34922,,2017-05-03 18:58:00.876916,2週間程前から
34923,,2017-05-03 18:58:00.877493,2週間程前から
34924,,2017-05-03 18:58:00.878479,2週間程前から、
34925,,2017-05-14 18:58:00.879024,2，3日ほど前から
34926,,2014-05-17 18:58:00.879507,2～3年前から
34927,,2014-05-17 18:58:00.879946,2～3年前から
34928,,2014-05-17 18:58:00.881060,2～3年前くらいから
34929,,2017-05-14 18:58:00.881559,2～3日前から
34930,,2017-05-14 18:58:00.881963,2～3日前から、
34931,,2017-04-26 18:58:00.882482,2～3週間前から
34932,,2017-04-26 18:58:00.882895,2～3週間前から
34933,,2013-05-17 18:58:00.883300,3-4年前から
34934,35,,30代から
34935,35,,30代になった頃から、
34936,35,,30代になってから
34937,35,,30代になってから
34938,35,,30代になってから
34939,35,,30代になってから、
34940,35,,30代に入ってから、
34941,35,,30代の時から
34942,35,,30代より
34943,35,,30代半ば頃から、
34944,38,,30代後半から、
34945,,,30分から
34946,,1987-05-17 18:58:00.889475,30年位前から
34947,30,,30才で25才頃から、
34948,,2017-05-30 18:58:00.890824,30日から
34949,,2017-05-30 18:58:00.891528,30日から
34950,,2017-05-30 18:58:00.892176,30日から
34951,30,2015-05-17 18:58:00.892628,30歳で二年前くらいから
34952,30,,30歳を過ぎてから、
34953,30,,30歳を過ぎてから、
34954,32,,32歳で下の子を出産してから、
34955,33,,33歳を超えたころから、
34956,,,35度台から
34957,,,36.4℃ぐらいから
34958,,,36週あたりから
34959,,,37.0度から
34960,,,37.0度から
34961,37,2016-05-17 18:58:00.896528,37歳男性　1年くらい前から
34962,,,38度５分から
34963,,,38週から
34964,,2013-05-17 18:58:00.897950,3~4年前から
34965,,2013-05-17 18:58:00.898452,3、4年くらい前から、
34966,,2013-05-17 18:58:00.899081,3〜4年前から
34967,,2013-05-17 18:58:00.899602,3〜4年前から、
34969,,,3から
34970,,,3から
34972,,2017-02-17 18:58:00.901082,3か月くらい前から
34973,,2017-02-17 18:58:00.901484,3か月くらい前から、
34974,,2017-02-17 18:58:00.901914,3か月前から
34975,,2017-02-17 18:58:00.902390,3か月前から
34976,,2017-02-17 18:58:00.902808,3か月前から
34977,,,3カ月ほど前から
34978,,,3カ月前から
34979,,,3カ月前より
34980,,,3キロほど減り、悪阻が終わってから
34981,,2016-11-17 18:58:00.904897,3ヶ月〜半年前より
34982,,,3ヶ月から
34983,,2017-02-17 18:58:00.905839,3ヶ月くらい前から
34984,,2017-02-17 18:58:00.906210,3ヶ月くらい前から、
34985,,2017-02-17 18:58:00.906568,3ヶ月ほど前から
34986,,2017-02-17 18:58:00.906976,3ヶ月ほど前から
34987,,2017-02-17 18:58:00.908000,3ヶ月ほど前から
34988,,2017-02-17 18:58:00.908470,3ヶ月ほど前から
34990,,2017-02-17 18:58:00.909135,3ヶ月ほど前から
34991,,2017-02-17 18:58:00.909642,3ヶ月ほど前から、
34992,,2017-02-17 18:58:00.910133,3ヶ月ほど前から、
34993,,2017-02-17 18:58:00.910566,3ヶ月ほど前から、
34994,,2017-02-17 18:58:00.911783,3ヶ月位前から
34995,,2017-02-17 18:58:00.912355,3ヶ月前から
34996,,2017-02-17 18:58:00.912782,3ヶ月前から
34997,,2017-02-17 18:58:00.915014,3ヶ月前から
34998,,2017-02-17 18:58:00.915440,3ヶ月前から
34999,,2017-02-17 18:58:00.917389,3ヶ月前から
35000,,2017-02-17 18:58:00.917927,3ヶ月前から
35001,,2017-02-17 18:58:00.940027,3ヶ月前から
35002,,2017-02-17 18:58:00.940473,3ヶ月前から
35004,,2017-02-17 18:58:00.941192,3ヶ月前から
35005,,2017-02-17 18:58:00.941732,3ヶ月前から
35006,,2017-11-17 18:58:00.942183,3ヶ月前の11月頃から
35007,,2017-02-17 18:58:00.942592,3ヶ月前辺りから
35008,,2017-02-17 18:58:00.942984,3ヶ月程前から
35009,,2017-02-17 18:58:00.943586,3ヶ月程前から、
35010,,2014-05-17 18:58:00.944970,3年くらい前から
35011,,2014-05-17 18:58:00.946695,3年くらい前から
35012,,2014-05-17 18:58:00.947147,3年くらい前から、
35013,,2014-05-17 18:58:00.948349,3年くらい前から、
35014,,2014-05-17 18:58:00.948871,3年くらい前から、
35015,,2014-05-17 18:58:00.949251,3年ほど前から
35016,,2014-05-17 18:58:00.949616,3年ほど前から
35017,,2014-05-17 18:58:00.953892,3年ほど前から
35018,,2014-05-17 18:58:00.954267,3年ほど前から
35019,,2014-05-17 18:58:00.954608,3年ほど前から
35020,,2014-05-17 18:58:00.954942,3年ほど前から
35021,,2014-05-17 18:58:00.955273,3年ほど前から
35022,,2014-05-17 18:58:00.955605,3年ほど前から
35023,,2014-05-17 18:58:00.955937,3年ほど前から
35024,,2014-05-17 18:58:00.956264,3年ほど前から
35025,,2014-05-17 18:58:00.956591,3年ほど前から
35026,,2014-05-17 18:58:00.956920,3年ほど前から
35027,,2014-05-17 18:58:00.957246,3年ほど前から
35028,,2014-05-17 18:58:00.957812,3年ほど前から
35029,,2014-05-17 18:58:00.958332,3年ほど前から、
35030,,2014-05-17 18:58:00.958722,3年ほど前から、
35031,,2014-05-17 18:58:00.959063,3年ほど前から、
35032,,2014-05-17 18:58:00.959407,3年ほど前から、
35033,,2014-05-17 18:58:00.959745,3年ほど前から、
35034,,2014-05-17 18:58:00.960079,3年ほど前から、
35035,,2014-05-17 18:58:00.960409,3年位前から、
35036,,2014-05-17 18:58:00.960792,3年前から
35037,,2014-05-17 18:58:00.961170,3年前から
35038,,2014-05-17 18:58:00.961528,3年前から
35039,,2014-05-17 18:58:00.961884,3年前から
35040,,2014-05-17 18:58:00.962242,3年前から
35041,,2014-05-17 18:58:00.962596,3年前から
35042,,2014-05-17 18:58:00.962960,3年前から
35043,,2014-05-17 18:58:00.963319,3年前から
35044,,2014-05-17 18:58:00.963689,3年前から
35045,,2014-05-17 18:58:00.964052,3年前から
35046,,2014-05-17 18:58:00.964411,3年前から
35047,,2014-05-17 18:58:00.964770,3年前から
35048,,2014-05-17 18:58:00.965126,3年前から
35049,,2014-05-17 18:58:00.965481,3年前から
35050,,2014-05-17 18:58:00.965842,3年前から
35051,,2014-05-17 18:58:00.966199,3年前から
35052,,2014-05-17 18:58:00.966563,3年前くらいから
35053,,2014-05-17 18:58:00.966948,3年前くらいから
35054,,2014-05-17 18:58:00.967341,3年前くらいから
35055,,2014-05-17 18:58:00.967730,3年前くらいから
35056,,2014-05-17 18:58:00.968406,3年前ぐらいから
35057,,2014-05-17 18:58:00.968808,3年前ぐらいから
35058,,2014-05-17 18:58:00.969189,3年前ほどから
35059,,2014-05-17 18:58:00.969566,3年前より
35060,,0003-05-17 18:58:00.969937,3年生になってから
35061,,2014-05-17 18:58:00.970344,3年程前から
35062,,2014-05-17 18:58:00.970824,3年程前から
35063,,2014-05-17 18:58:00.971244,3年程前から
35064,,2014-05-17 18:58:00.971633,3年程前から
35065,,2014-05-17 18:58:00.972057,3年程前から
35066,,2014-05-17 18:58:00.972448,3年程前から
35068,,2017-05-14 18:58:00.972970,3日くらい前から
35069,,2017-05-14 18:58:00.973362,3日くらい前から
35070,,2017-05-14 18:58:00.973785,3日ほど前から
35071,,2017-05-14 18:58:00.974181,3日ほど前から
35072,,2017-05-14 18:58:00.974577,3日ほど前から
35073,,2017-05-14 18:58:00.974967,3日ほど前から
35074,,2017-05-14 18:58:00.975356,3日ほど前から、
35075,,2017-05-14 18:58:00.975745,3日前から
35076,,2017-05-14 18:58:00.976118,3日前から
35077,,2017-05-14 18:58:00.976501,3日前から
35078,,2017-05-14 18:58:00.976864,3日前から
35079,,2017-05-14 18:58:00.977222,3日前から
35080,,2017-05-14 18:58:00.977581,3日前から、
35081,,2017-05-14 18:58:00.978005,3日前から、
35082,,2017-05-14 18:58:00.978490,3日前から、
35083,,2017-05-14 18:58:00.978905,3日前くらいから、
35084,,2017-05-14 18:58:00.979266,3日前ぐらいから
35085,,2017-05-14 18:58:00.979615,3日前ぐらいから、
35086,,2017-05-14 18:58:00.979962,3日前ほどから、
35088,,2017-03-01 18:58:00.980419,3月1日から
35089,,2017-03-01 18:58:00.981096,3月1日から
35090,,2017-03-17 18:58:00.981524,3月から肉芽のようなものができてしまい、治療などしているのですが
35091,,2017-03-17 18:58:00.982955,3月くらいから
35092,,2017-03-17 18:58:00.983422,3月の上旬頃から、
35093,,2017-03-17 18:58:00.983820,3月より
35094,,2017-03-17 18:58:00.984182,3月末から
35095,3,,3歳ごろから、
35096,3,,3歳になった頃から
35097,3,,3歳のころから
35098,3,,3歳の頃から
35099,3,,3歳頃から
35100,,2017-04-26 18:58:00.985964,3週間ほど前から
35101,,2017-04-26 18:58:00.986306,3週間ほど前より、
35102,,2017-04-26 18:58:00.986641,3週間前から、
35103,,2017-04-26 18:58:00.986971,3週間前くらいから、
35104,,2017-01-17 18:58:00.987309,3～4ヵ月前から
35105,,2013-05-17 18:58:00.987647,3～4年ほど前から
35106,,2013-05-17 18:58:00.988024,3～4年前から
35107,,2017-05-13 18:58:00.988448,3～4日前から
35108,,2012-05-17 18:58:00.988802,4.5年ほど前より、
35109,,2012-05-17 18:58:00.989145,4.5年前から、
35110,,2017-04-26 18:58:00.989478,4/26から
35111,45,,40代になってから
35112,45,,40代を過ぎた頃から、
35113,,,40日から
35114,40,,40歳になったころから、
35116,40,,40歳を過ぎたころから、
35117,40,,40歳を過ぎてから、
35118,40,,40歳を過ぎてから、
35119,48,,40歳代後半頃から
35120,41,,41歳の頃から
35121,,,45kg代から
35122,45,,45歳を超えてから
35123,47,,47歳主婦です
35124,,2012-05-17 18:58:00.994140,4〜5年前から
35125,,2017-01-17 18:58:00.994578,4か月ほど前から
35126,,2017-01-17 18:58:00.994958,4か月前から
35128,,2017-01-17 18:58:00.995479,4ヶ月前から
35129,,2017-01-17 18:58:00.995846,4ヶ月前から、
35130,,2017-01-17 18:58:00.996211,4ヶ月程前から、
35131,,0004-05-17 18:58:00.996578,4年から
35132,,2013-05-17 18:58:00.996958,4年くらい前から
35133,,2013-05-17 18:58:00.997349,4年ほど前から
35134,,2013-05-17 18:58:00.997733,4年ほど前から
35135,,2013-05-17 18:58:00.998278,4年ほど前から
35136,,2013-05-17 18:58:00.998804,4年ほど前から
35137,,2013-05-17 18:58:00.999187,4年ほど前から
35138,,2013-05-17 18:58:00.999571,4年ほど前から、
35139,,2013-05-17 18:58:01.000157,4年ほど前から、
35140,,2013-05-17 18:58:01.000670,4年位前より
35141,,2013-05-17 18:58:01.001077,4年前から
35142,,2013-05-17 18:58:01.001450,4年前から
35143,,2013-05-17 18:58:01.001822,4年前から
35144,,2013-05-17 18:58:01.002289,4年前から
35145,,2013-05-17 18:58:01.002663,4年前から
35146,,2013-05-17 18:58:01.003022,4年前から
35147,,2013-05-17 18:58:01.003378,4年前から、
35148,,2013-05-17 18:58:01.003738,4年前から、
35149,,2013-05-17 18:58:01.004189,4年前くらいから
35150,,2013-05-17 18:58:01.004586,4年前くらいから
35151,,2013-05-17 18:58:01.004961,4年前ぐらいから
35152,,2013-05-17 18:58:01.005328,4年前にリタイアしてから
35153,,2013-05-17 18:58:01.005675,4年前ほどから
35154,,2013-05-17 18:58:01.006007,4年前より
35155,,2013-05-17 18:58:01.006333,4年程前から
35156,,2013-05-17 18:58:01.006661,4年程前から、
35157,,2017-05-13 18:58:01.007015,4日ほど前から
35158,,2017-05-13 18:58:01.007338,4日前から
35159,,2017-05-13 18:58:01.007877,4日前から
35160,,2017-05-13 18:58:01.008286,4日前から
35161,,2017-05-13 18:58:01.008656,4日前から
35162,,2017-05-13 18:58:01.009017,4日前の23日より
35163,,2017-05-13 18:58:01.009564,4日程前から
35164,,2017-04-09 18:58:01.009919,4月9日より
35165,,2017-04-17 18:58:01.010308,4月から
35166,,2017-04-17 18:58:01.010653,4月から
35167,,2017-04-17 18:58:01.011100,4月から
35168,,2017-04-17 18:58:01.011448,4月から
35169,,2017-04-04 18:58:01.011789,4月の4日から
35170,4,,4歳の娘が先々週くらいから
35171,4,,4歳少し前くらいから
35172,,2012-05-17 18:58:01.012742,4～5年前から
35173,,2012-05-17 18:58:01.013065,4～5年前から
35174,,2012-05-17 18:58:01.013385,4～5年前から、
35175,,2011-05-17 18:58:01.013716,"5,6年ほど前から、"
35176,,2011-05-17 18:58:01.014240,5.6年前から
35177,55,,50代から
35178,55,,50代に入ってから
35179,50,,50歳になった頃から、
35180,50,,50歳を超えてから、
35181,50,,50歳を過ぎてから
35182,54,,54歳、昨夜から
35183,,,58キロから
35184,,2016-12-17 18:58:01.017079,5か月くらい前から
35185,,,5と閉経時の数値より
35186,,2016-12-17 18:58:01.017797,5ヶ月前から
35187,,,5ヶ月頃から
35188,,,5ヶ月頃から
35189,,2012-05-17 18:58:01.019303,5年くらい前から
35190,,2012-05-17 18:58:01.020018,5年くらい前から
35191,,2012-05-17 18:58:01.020532,5年ぐらい前から
35192,,2012-05-17 18:58:01.021055,5年ぐらい前から
35193,,2012-05-17 18:58:01.021404,5年ほど前から
35194,,2012-05-17 18:58:01.023051,5年ほど前から
35195,,2012-05-17 18:58:01.023503,5年ほど前から
35196,,2012-05-17 18:58:01.023891,5年ほど前から
35197,,2012-05-17 18:58:01.024577,5年ほど前から
35198,,2012-05-17 18:58:01.024964,5年ほど前から
35199,,2012-05-17 18:58:01.025332,5年ほど前から
35200,,2012-05-17 18:58:01.025691,5年ほど前から
35201,,2012-05-17 18:58:01.026933,5年ほど前から
35202,,2012-05-17 18:58:01.031901,5年ほど前から
35203,,2012-05-17 18:58:01.032344,5年ほど前から
35204,,2012-05-17 18:58:01.033336,5年ほど前から
35205,,2012-05-17 18:58:01.033759,5年ほど前から
35206,,2012-05-17 18:58:01.034100,5年ほど前から
35207,,2012-05-17 18:58:01.035346,5年ほど前から、
35208,,2012-05-17 18:58:01.038135,5年ほど前から、
35209,,2012-05-17 18:58:01.038620,5年ほど前から、
35210,,2012-05-17 18:58:01.042185,5年ほど前から、
35211,,2012-05-17 18:58:01.045411,5年ほど前から、
35212,,2012-05-17 18:58:01.045949,5年ほど前から、
35213,,2012-05-17 18:58:01.049350,5年ほど前から、
35214,,2012-05-17 18:58:01.049940,5年ほど前から、
35215,,2012-05-17 18:58:01.052559,5年ほど前から、
35216,,2012-05-17 18:58:01.053009,5年ほど前から、
35217,,2012-05-17 18:58:01.053563,5年ほど前から、
35218,,2012-05-17 18:58:01.053990,5年ほど前から、
35219,,2012-05-17 18:58:01.054370,5年以上前から
35221,,2012-05-17 18:58:01.054835,5年前から
35222,,2012-05-17 18:58:01.056088,5年前から
35223,,2012-05-17 18:58:01.056567,5年前から
35224,,2012-05-17 18:58:01.056962,5年前から
35225,,2012-05-17 18:58:01.057342,5年前から、
35226,,2012-05-17 18:58:01.057721,5年前くらいから
35227,,2012-05-17 18:58:01.058264,5年前くらいから
35228,,2012-05-17 18:58:01.058811,5年前くらいから
35229,,2012-05-17 18:58:01.059227,5年前くらいから
35230,,2012-05-17 18:58:01.059608,5年前くらいから、
35231,,2012-05-17 18:58:01.059983,5年前ぐらいから
35232,,2012-05-17 18:58:01.060538,5年前ぐらいから、
35233,,2012-05-17 18:58:01.060970,5年前に出産してから
35234,,2012-05-17 18:58:01.061392,5年前に離婚してから
35235,,2012-05-17 18:58:01.061757,5年前ほどから
35236,,2012-05-17 18:58:01.064444,5年前位から
35237,,2012-05-17 18:58:01.064967,5年程前から
35238,,2012-05-17 18:58:01.065528,5年程前から
35239,,2012-05-17 18:58:01.071208,5年程前から
35240,,2012-05-17 18:58:01.071621,5年程前から、
35241,,2017-05-12 18:58:01.079261,5日ほど前から、
35242,,2017-05-12 18:58:01.079734,5日前から
35243,,,5月から
35244,,,5月から
35245,,,5月に出産してから、
35246,,,5月頃から
35247,5,,5歳ごろから
35248,5,,5歳ごろから
35249,5,,5歳の娘が2歳くらいから
35250,,,5程前から、
35251,,2011-05-17 18:58:01.083781,5～6年前から、
35252,63,,63歳の母年前から、
35253,65,,65歳男性
35254,,,6ヶ月頃から
35255,,2011-05-17 18:58:01.086305,6年ほど前から
35256,,2011-05-17 18:58:01.087166,6年ほど前から
35257,,2011-05-17 18:58:01.087613,6年ほど前から
35258,,2011-05-17 18:58:01.088014,6年ほど前から
35259,,2011-05-17 18:58:01.088424,6年前から
35260,,2011-05-17 18:58:01.089166,6年前から
35261,,2011-05-17 18:58:01.089587,6年前から
35262,,0006-05-17 18:58:01.089982,6年生から
35263,,2017-05-06 18:58:01.090422,6日後から
35264,,,7.8から
35265,,2009-05-17 18:58:01.092233,7〜8年前から
35266,,,7ヶ月の終わり頃から
35267,,2016-10-17 18:58:01.093731,7ヶ月前から
35268,,,7ヶ月頃から
35269,,2010-05-17 18:58:01.094706,7年ぐらい前から
35270,,2010-05-17 18:58:01.095152,7年ほど前から
35271,,2010-05-17 18:58:01.095657,7年ほど前から
35272,,2010-05-17 18:58:01.096176,7年ほど前から
35273,,2010-05-17 18:58:01.096684,7年前から
35274,,2010-05-17 18:58:01.097127,7年前から
35275,,2010-05-17 18:58:01.097527,7年程前から
35276,,2017-05-07 18:58:01.098677,7日から
35277,,2017-05-07 18:58:01.099191,7日から
35279,,2017-07-17 18:58:01.100099,7月終わりから
35280,85,,85歳ぐらいから
35281,,2016-09-17 18:58:01.102380,8か月前から
35282,,2016-09-17 18:58:01.102804,8か月前から
35283,,2009-05-17 18:58:01.103204,8年くらい前から
35284,,2009-05-17 18:58:01.103625,8年ほど前から
35285,,2009-05-17 18:58:01.104048,8年ほど前から
35286,,2009-05-17 18:58:01.104442,8年ほど前から
35287,,2009-05-17 18:58:01.104805,8年前から
35288,,2009-05-17 18:58:01.105138,8年前から
35289,,2009-05-17 18:58:01.106419,8年前以上から
35290,,2009-05-17 18:58:01.106875,8年程前から、
35291,,2017-05-17 08:58:01.107409,8時45分から
35292,,2017-08-17 18:58:01.107779,8月から
35293,,2017-08-17 18:58:01.108149,8月頃から
35295,,2017-09-17 18:58:01.108911,9月から
35297,,2017-09-17 18:58:01.109480,9月上旬から
35298,,2017-09-17 18:58:01.109887,9月初旬より
35300,,2017-09-17 18:58:01.110733,9月後半より
35301,,2017-09-17 18:58:01.111183,9月頃から、
35302,9,,9歳の頃から
35305,,,MRIを撮ってから
35307,,,℉前から
35308,,,　今年に入りましてから
35309,,,　夕食後から
35310,10,,　子供の頃から
35311,,2014-05-17 18:58:01.114671,　数年前から
35312,,2014-05-17 18:58:01.117280,　数年前から、
35314,,,「銀のベンザブロック」を飲んでから
35315,,,『自殺しようかな』と軽く考えてしまってから
35317,,,あの時から
35319,,,ある日から
35320,,,ある日から、
35321,,,ある時から
35322,,,ある時から
35323,14,,あんまり太ってなかった中学生のころから
35324,,2016-05-17 18:58:01.124838,いいのでしょうか？一昨年から
35325,,,いい治療法や普段から
35326,,,いってから
