34063,,2017-01-17 20:32:24.731561,"
でも、3,4ヶ月前くらいから、"
34238,,2017-12-30 20:32:24.750232,(12月30日)から
34241,,2016-05-17 20:32:24.756083,(去年の5月頃から
34242,28,,(現在20代後半)から
34243,45,,(現在40代)から
34244,,,(産前から
34246,,,)、かなり昔から
34248,,2015-05-17 20:32:24.758240,"1,2年ほど前から、"
34249,,,1.5から
34250,,,1.5から
34251,,,1.ヶ月前から
34252,,2016-07-17 20:32:24.759340,10ヶ月くらい前から
34253,15,,10代から
34254,15,,10代のころから
34255,18,,10代の後半頃から
34256,15,,10代の時から
34257,15,,10代の頃から
34258,15,,10代の頃から
34259,15,,10代の頃から
34260,15,,10代の頃から
34261,15,,10代の頃から
34262,15,,10代の頃から
34263,15,,10代の頃から
34264,15,,10代の頃から、
34265,15,,10代の頃から、
34266,13,,10代前半頃から
34267,18,,10代後半の頃より
34268,,,10分ほど放置したらヒリヒリしてから
34269,,2007-05-17 20:32:24.763870,10年くらい前から
34270,,2007-05-17 20:32:24.764202,10年くらい前から
34271,,2007-05-17 20:32:24.764513,10年くらい前から、
34272,,2007-05-17 20:32:24.764841,10年ぐらい前から
34273,,2007-05-17 20:32:24.765118,10年ぐらい前から、
34274,,2007-05-17 20:32:24.765415,10年ほど前から
34275,,2007-05-17 20:32:24.765723,10年ほど前から
34276,,2007-05-17 20:32:24.766074,10年ほど前から
34277,,2007-05-17 20:32:24.766370,10年ほど前から
34278,,2007-05-17 20:32:24.766669,10年ほど前から
34279,,2007-05-17 20:32:24.766981,10年ほど前から
34280,,2007-05-17 20:32:24.767303,10年ほど前から
34281,,2007-05-17 20:32:24.767625,10年ほど前から
34282,,2007-05-17 20:32:24.767937,10年ほど前から
34283,,2007-05-17 20:32:24.768244,10年ほど前から
34284,,2007-05-17 20:32:24.768549,10年ほど前から
34285,,2007-05-17 20:32:24.768855,10年ほど前から
34286,,2007-05-17 20:32:24.769161,10年ほど前から
34287,,2007-05-17 20:32:24.769470,10年ほど前から、
34288,,2007-05-17 20:32:24.769778,10年ほど前から、
34289,,2007-05-17 20:32:24.770084,10年ほど前から、
34290,,2007-05-17 20:32:24.770391,10年ほど前から、
34291,,2007-05-17 20:32:24.770696,10年ほど前から、
34292,,2007-05-17 20:32:24.771048,10年ほど前から、
34293,,2007-05-17 20:32:24.771343,10年ほど前から、
34294,,2007-05-17 20:32:24.771642,10年ほど前から、
34295,,2007-05-17 20:32:24.772319,10年ほど前からから
34296,,2007-05-17 20:32:24.772912,10年ほど前より
34297,,2007-05-17 20:32:24.773645,10年以上前/昔から
34298,,2007-05-17 20:32:24.774020,10年以上前から
34299,,2007-05-17 20:32:24.774316,10年以上前から
34300,,2007-05-17 20:32:24.774701,10年以上前から
34301,,2007-05-17 20:32:24.775086,10年以上前から
34302,,2007-05-17 20:32:24.775495,10年以上前から
34303,,2007-05-17 20:32:24.775889,10年以上前から
34304,,2007-05-17 20:32:24.776280,10年以上前から
34305,,2007-05-17 20:32:24.776676,10年以上前から、
34306,,2007-05-17 20:32:24.777076,10年以上前から、
34307,,2007-05-17 20:32:24.777511,10年以上前から、
34308,,0010-05-17 20:32:24.777996,10年以上昔から
34309,,2007-05-17 20:32:24.779531,10年前から
34310,,2007-05-17 20:32:24.779814,10年前から
34311,,2007-05-17 20:32:24.780080,10年前から
34312,,2007-05-17 20:32:24.780338,10年前から
34313,,2007-05-17 20:32:24.780582,10年前から
34314,,2007-05-17 20:32:24.780823,10年前から
34315,,2007-05-17 20:32:24.781053,10年前から、
34316,,2007-05-17 20:32:24.781411,10年前くらいから
34317,,2007-05-17 20:32:24.781654,10年前くらいから
34318,,2007-05-17 20:32:24.781900,10年前くらいから、
34319,,2007-05-17 20:32:24.782144,10年前くらい前から
34320,,2007-05-17 20:32:24.782379,10年前ぐらいから
34321,,2007-05-17 20:32:24.782614,10年前ぐらいから
34322,,2007-05-17 20:32:24.782853,10年前に就職をしてから、
34323,,2007-05-17 20:32:24.783084,10年前ほどから
34324,,2007-05-17 20:32:24.783348,10年前位から、
34325,,2007-05-17 20:32:24.783808,10年程前から
34326,,2007-05-17 20:32:24.784095,10年程前から
34327,,2007-05-17 20:32:24.784357,10年程前から
34328,,2007-05-17 20:32:24.784835,10年程前から
34329,,2007-05-17 20:32:24.785315,10年程前から
34330,,2007-05-17 20:32:24.785853,10年程前から
34331,,2007-05-17 20:32:24.786314,10年程前に強制猥褻未遂、DV他等にあってから
34332,,2007-05-17 20:32:24.786774,10年近く前から、
34333,,2014-05-17 20:32:24.787189,10数年前から
34334,,2014-05-17 20:32:24.787593,10数年前から
34335,,2017-05-07 20:32:24.788391,10日くらい前から
34336,,2017-05-07 20:32:24.789580,10日程前から
34337,,2017-05-17 10:32:24.790146,10時から
34338,,2017-05-17 10:32:24.791220,10時半から
34339,,2017-10-17 20:32:24.791606,10月ごろから
34340,,2017-10-17 20:32:24.792022,10月に生理がきてから
34341,13,2017-10-17 20:32:24.793274,10月中旬から
34342,,2017-10-17 20:32:24.793614,10月頃から
34343,,2017-10-17 20:32:24.793864,10月頃から
34344,10,,10歳くらいから
34345,,2017-11-07 20:32:24.794277,11月7日から
34346,,2017-11-17 20:32:24.794511,11月から
34347,,2017-11-17 20:32:24.794724,11月から
34348,,2017-11-17 20:32:24.794935,11月ごろから、
34349,,2017-11-17 20:32:24.795233,11月に入った頃から
34350,,2017-11-17 20:32:24.795454,11月に入ってから
34351,,2017-11-17 20:32:24.795668,11月上旬から
34352,13,2017-11-17 20:32:24.795878,11月中頃から
34353,,2016-11-17 20:32:24.796087,11月前から
34354,,2017-11-17 20:32:24.796336,11月頃から
34355,11,2017-05-12 20:32:24.796546,11歳の娘が5日前から、
34356,,2017-12-05 20:32:24.796773,12/5から
34357,,2005-05-17 20:32:24.796962,12年前から
34358,,2005-05-17 20:32:24.797184,12年前から
34359,,2017-12-31 20:32:24.797404,12月31日から
34360,,2017-12-17 20:32:24.797629,12月から
34361,,2017-12-17 20:32:24.797831,12月くらいから
34362,,2017-12-17 20:32:24.798040,12月に入ってから、
34363,,2017-12-17 20:32:24.798254,12月より
34364,13,2017-12-17 20:32:24.798458,12月中旬から、
34365,13,2017-12-17 20:32:24.798671,12月中頃から、
34366,,2017-12-25 20:32:24.798880,12月末頃から
34367,,2017-12-17 20:32:24.800090,12月頃から
34368,,,130から
34369,,2004-05-17 20:32:24.800462,13年前から
34370,,2002-05-17 20:32:24.800687,15年くらい前から
34371,,2002-05-17 20:32:24.801054,15年くらい前から
34372,,2002-05-17 20:32:24.801339,15年くらい前から、
34373,,2002-05-17 20:32:24.801595,15年ほど前から
34374,,2002-05-17 20:32:24.801845,15年ほど前から
34375,,2002-05-17 20:32:24.802091,15年ほど前から
34376,,2002-05-17 20:32:24.802339,15年ほど前から
34377,,2002-05-17 20:32:24.802582,15年ほど前から
34378,,2002-05-17 20:32:24.802830,15年ほど前から、
34379,,2002-05-17 20:32:24.803074,15年ほど前から、
34380,,2002-04-17 20:32:24.803324,15年ほど前の思春期の頃から、
34381,,2002-05-17 20:32:24.803580,15年前から
34382,,2002-05-17 20:32:24.803822,15年前から
34383,,2002-05-17 20:32:24.804066,15年前より
34384,,2002-05-17 20:32:24.804309,15年程前から
34385,15,,15歳の時から、
34386,15,,15歳位から
34387,,0016-03-17 20:32:24.804912,16年3月から
34388,,0016-11-17 20:32:24.805171,16年の11月から
34389,16,2016-07-17 20:32:24.805427,16歳の長女、10か月ほど前から
34391,,,18から
34392,,,18の頃から
34393,18,,18歳くらいから
34394,18,,18歳ぐらいから、
34395,18,,18歳ごろから
34396,18,,18歳になってから
34397,19,,19歳から
34398,19,,19歳くらいの時から
34399,,2017-04-17 20:32:24.808152,1か月ほど前から
34400,,2017-04-17 20:32:24.808422,1か月ほど前から
34402,,2017-04-17 20:32:24.808806,1か月ほど前から
34403,,2017-04-17 20:32:24.809271,1か月ほど前から
34404,,2017-04-17 20:32:24.809731,1か月ほど前から
34405,,2017-04-17 20:32:24.810018,1か月ほど前から、
34406,,2017-04-17 20:32:24.810341,1か月ほど前から、
34407,,2017-04-17 20:32:24.810731,1か月前から
34408,,2017-04-17 20:32:24.811211,1か月前から
34409,,2017-04-17 20:32:24.811664,1か月前から、
34410,,2017-04-17 20:32:24.812040,1か月前から、
34411,,2017-04-17 20:32:24.812532,1か月前くらいから
34412,,2017-04-17 20:32:24.813150,1か月前くらいから、
34413,,2017-04-17 20:32:24.813563,1か月前位から、
34414,,2017-04-17 20:32:24.813985,1か月前頃から、
34415,,2017-04-17 20:32:24.814487,1か月近く前から
34417,,2017-04-17 20:32:24.815072,1ケ月くらい前から
34418,,2017-04-17 20:32:24.815477,1ヵ月ぐらい前から
34419,,2017-04-17 20:32:24.816030,1ヵ月前から
34420,,2017-04-17 20:32:24.816494,1ヵ月前から
34421,,2017-04-17 20:32:24.816882,1ヵ月前くらいから
34422,,2017-04-17 20:32:24.817385,1ヵ月程前から
34423,0,,1ヶ月から
34424,0,,1ヶ月から
34425,0,,1ヶ月くらいから、
34426,,2017-04-17 20:32:24.818810,1ヶ月くらい前から
34427,,2017-04-17 20:32:24.819213,1ヶ月くらい前から、
34428,,2017-04-17 20:32:24.819560,1ヶ月くらい前に突き指をしてから
34429,,2017-04-17 20:32:24.819862,1ヶ月ほど前から
34430,,2017-04-17 20:32:24.820174,1ヶ月ほど前から
34431,,2017-04-17 20:32:24.820508,1ヶ月ほど前から
34432,,2017-04-17 20:32:24.820771,1ヶ月ほど前から
34433,,2017-04-17 20:32:24.821075,1ヶ月ほど前から
34434,,2017-04-17 20:32:24.821399,1ヶ月ほど前から
34435,,2017-04-17 20:32:24.821710,1ヶ月ほど前から
34436,,2017-04-17 20:32:24.822033,1ヶ月ほど前から
34437,,2017-04-17 20:32:24.822341,1ヶ月ほど前から
34438,,2017-04-17 20:32:24.822678,1ヶ月ほど前から、
34439,,2017-04-17 20:32:24.823052,1ヶ月ほど前から、
34440,,2017-04-17 20:32:24.823338,1ヶ月ほど前から、
34441,,2017-04-17 20:32:24.823638,1ヶ月ほど前から、
34442,,2017-04-17 20:32:24.823964,1ヶ月ほど前から、
34443,,2017-04-17 20:32:24.824525,1ヶ月位前から、
34444,,2017-04-17 20:32:24.824866,1ヶ月前から
34445,,2017-04-17 20:32:24.825200,1ヶ月前から
34446,,2017-04-17 20:32:24.825471,1ヶ月前から
34447,,2017-04-17 20:32:24.825772,1ヶ月前から
34448,,2017-04-17 20:32:24.826076,1ヶ月前から
34449,,2017-04-17 20:32:24.826379,1ヶ月前から、
34450,,2017-04-17 20:32:24.826680,1ヶ月前から、
34451,,2017-04-17 20:32:24.826982,1ヶ月前ぐらいから、
34452,,2017-04-17 20:32:24.827289,1ヶ月前より
34453,,2017-04-17 20:32:24.827647,1ヶ月程前から
34454,,2017-04-17 20:32:24.827931,1ヶ月程前から
34455,,2017-04-17 20:32:24.828222,1ヶ月程前から、
34456,,2017-04-17 20:32:24.828527,1ヶ月程前から、
34457,,,1周間ほど前から
34458,,2016-05-17 20:32:24.829062,1年くらい前から
34459,,2016-05-17 20:32:24.829364,1年くらい前から
34460,,2016-05-17 20:32:24.829666,1年くらい前から
34461,,2016-05-17 20:32:24.830067,1年くらい前から
34462,,2016-05-17 20:32:24.830377,1年くらい前から
34463,,2016-05-17 20:32:24.830704,1年くらい前から
34464,,2016-05-17 20:32:24.831015,1年くらい前から
34465,,2016-05-17 20:32:24.831353,1年くらい前から
34466,,2016-05-17 20:32:24.831632,1年くらい前から
34467,,2016-05-17 20:32:24.831924,1年くらい前から
34468,,2016-05-17 20:32:24.832228,1年くらい前から
34469,,2016-05-17 20:32:24.832530,1年くらい前から
34470,,2016-05-17 20:32:24.832920,1年くらい前から
34471,,2016-05-17 20:32:24.833266,1年くらい前から、
34472,,2016-05-17 20:32:24.833576,1年くらい前から、
34473,,2016-05-17 20:32:24.833855,1年ぐらい前から、
34474,,2016-05-17 20:32:24.834144,1年ぐらい前から、
34475,,2016-05-17 20:32:24.834446,1年ほど前から
34476,,2016-05-17 20:32:24.834742,1年ほど前から
34477,,2016-05-17 20:32:24.835045,1年ほど前から
34478,,2016-05-17 20:32:24.835342,1年ほど前から
34479,,2016-05-17 20:32:24.835752,1年ほど前から
34480,,2016-05-17 20:32:24.836111,1年ほど前から
34481,,2016-05-17 20:32:24.836427,1年ほど前から
34482,,2016-05-17 20:32:24.836735,1年ほど前から
34483,,2016-05-17 20:32:24.837073,1年ほど前から
34484,,2016-05-17 20:32:24.837418,1年ほど前から
34485,,2016-05-17 20:32:24.837705,1年ほど前から
34486,,2016-05-17 20:32:24.837997,1年ほど前から
34487,,2016-05-17 20:32:24.838300,1年ほど前から
34488,,2016-05-17 20:32:24.838600,1年ほど前から
34489,,2016-05-17 20:32:24.838896,1年ほど前から
34490,,2016-05-17 20:32:24.839159,1年ほど前から
34491,,2016-05-17 20:32:24.839445,1年ほど前から
34492,,2016-05-17 20:32:24.839746,1年ほど前から
34493,,2016-05-17 20:32:24.840084,1年ほど前から
34494,,2016-05-17 20:32:24.840536,1年ほど前から
34495,,2016-05-17 20:32:24.841147,1年ほど前から
34496,,2016-05-17 20:32:24.841849,1年ほど前から
34497,,2016-05-17 20:32:24.842375,1年ほど前から
34498,,2016-05-17 20:32:24.842766,1年ほど前から
34499,,2016-05-17 20:32:24.843063,1年ほど前から
34500,,2016-05-17 20:32:24.843364,1年ほど前から
34501,,2016-05-17 20:32:24.843666,1年ほど前から
34502,,2016-05-17 20:32:24.843968,1年ほど前から
34503,,2016-05-17 20:32:24.844265,1年ほど前から
34504,,2016-05-17 20:32:24.844567,1年ほど前から、
34505,,2016-05-17 20:32:24.844870,1年ほど前から、
34506,,2016-05-17 20:32:24.845166,1年ほど前から、
34507,,2016-05-17 20:32:24.845468,1年ほど前から、
34508,,2016-05-17 20:32:24.845825,1年ほど前から、
34509,,2016-05-17 20:32:24.846095,1年ほど前から、
34510,,2016-05-17 20:32:24.846381,1年ほど前から、
34511,,2016-05-17 20:32:24.846688,1年ほど前から、
34512,,2016-05-17 20:32:24.846996,1年ほど前に現在の事務仕事に転職してから、
34513,,2016-05-17 20:32:24.847395,1年以上前から
34514,,2016-05-17 20:32:24.847736,1年以上前から
34516,,2016-05-17 20:32:24.848145,1年位前から
34517,,2016-05-17 20:32:24.848450,1年位前より
34518,,2016-05-17 20:32:24.848759,1年前から
34519,,2016-05-17 20:32:24.849060,1年前から
34520,,2016-05-17 20:32:24.849359,1年前から
34521,,2016-05-17 20:32:24.849656,1年前から
34522,,2016-05-17 20:32:24.849954,1年前から
34523,,2016-05-17 20:32:24.850254,1年前から
34524,,2016-05-17 20:32:24.850555,1年前から
34525,,2016-05-17 20:32:24.850854,1年前から
34526,,2016-05-17 20:32:24.851195,1年前から
34527,,2016-05-17 20:32:24.851477,1年前から
34528,,2016-05-17 20:32:24.851791,1年前から
34529,,2016-05-17 20:32:24.852262,1年前から
34530,,2016-05-17 20:32:24.852925,1年前から
34532,,2016-05-17 20:32:24.853828,1年前から
34533,,2016-05-17 20:32:24.854259,1年前から
34534,,2016-05-17 20:32:24.854659,1年前から
34535,,2016-05-17 20:32:24.855077,1年前くらいから
34536,,2016-05-17 20:32:24.855490,1年前くらいから
34537,,2016-05-17 20:32:24.855914,1年前くらいから
34538,,2016-05-17 20:32:24.856333,1年前くらいから
34539,,2016-05-17 20:32:24.856740,1年前くらいから
34540,,2016-05-17 20:32:24.857134,1年前くらいから、
34541,,2016-05-17 20:32:24.857563,1年前くらいから、
34542,,2016-05-17 20:32:24.857969,1年前ぐらいから
34544,,2016-05-17 20:32:24.858465,1年前位から
34545,,2015-11-17 20:32:24.858817,1年半ほど前から
34546,,2015-11-17 20:32:24.859230,1年半前から
34547,,2015-11-17 20:32:24.859498,1年半前から
34548,,2015-11-17 20:32:24.859746,1年半前くらいから、
34549,,2015-11-17 20:32:24.859993,1年半前の産後から
34550,,2016-05-17 20:32:24.860226,1年程前から
34551,,2016-05-17 20:32:24.860457,1年程前から
34552,,2016-05-17 20:32:24.860688,1年程前から
34553,,2016-05-17 20:32:24.860914,1年程前から
34554,,2016-05-17 20:32:24.861142,1年程前から
34555,,2016-05-17 20:32:24.861373,1年程前から
34556,,2016-05-17 20:32:24.861623,1年程前から
34557,,2016-05-17 20:32:24.861934,1年程前から
34558,,2016-05-17 20:32:24.862157,1年程前から
34559,,2016-05-17 20:32:24.862386,1年程前から、
34560,,2017-05-01 20:32:24.862616,1日3錠から
34561,13,2017-05-01 12:32:24.862882,1日中布団から
34562,,2017-05-16 20:32:24.863197,1日前から、
34563,,2017-05-01 20:32:24.863450,1日目の後半から
34564,,2017-05-17 01:32:24.863653,1時間から
34565,,2017-05-17 01:32:24.863859,1時間から
34567,,2017-01-17 20:32:24.864135,1月あたりから
34568,,2017-01-17 20:32:24.864341,1月から
34569,,2017-01-17 20:32:24.864552,1月から
34570,,2017-01-17 20:32:24.865066,1月から
34571,,2017-01-17 20:32:24.865459,1月ころから、
34572,13,2017-01-17 20:32:24.865850,1月中旬ごろから、
34573,13,2017-01-17 20:32:24.866228,1月中旬より、
34574,,2017-01-17 20:32:24.866615,1月初旬から、
34575,,2017-01-17 20:32:24.866998,1月前から
34576,,2017-01-17 20:32:24.867444,1月半ばから
34577,,2017-01-17 20:32:24.867830,1月半ばから
34578,,2017-01-17 20:32:24.868211,1月半ばくらいから
34579,,2017-01-17 20:32:24.868599,1月程前から、
34580,,2017-01-17 20:32:24.869022,1月頃から
34581,,2017-01-17 20:32:24.869395,1月頃から、
34582,1,,1歳あたりから
34583,1,,1歳ぐらいの頃から
34584,1,,1歳の頃より
34585,1,,1歳半から
34586,1,2016-11-17 20:32:24.871000,1歳半の娘が、去年の11月に保育園に入園してから
34587,,,1週刊前から
34589,,2017-05-10 20:32:24.872001,1週間くらい前から
34590,,2017-05-10 20:32:24.872399,1週間くらい前から
34591,,2017-05-10 20:32:24.872665,1週間ぐらい前から
34592,,2017-05-10 20:32:24.872890,1週間ぐらい前から、
34593,,2017-05-10 20:32:24.873140,1週間ほど前から
34594,,2017-05-10 20:32:24.873360,1週間ほど前から
34595,,2017-05-10 20:32:24.873676,1週間ほど前から
34596,,2017-05-10 20:32:24.874081,1週間ほど前から
34597,,2017-05-10 20:32:24.874491,1週間ほど前から
34598,,2017-05-10 20:32:24.874955,1週間ほど前から
34599,,2017-05-10 20:32:24.875323,1週間ほど前から
34600,,2017-05-10 20:32:24.875693,1週間ほど前から
34601,,2017-05-10 20:32:24.876016,1週間ほど前から
34602,,2017-05-10 20:32:24.876467,1週間ほど前から、
34603,,2017-05-10 20:32:24.876907,1週間ほど前から、
34604,,2017-05-10 20:32:24.877243,1週間前から
34605,,2017-05-10 20:32:24.877614,1週間前から
34606,,2017-05-10 20:32:24.877904,1週間前から
34607,,2017-05-10 20:32:24.878181,1週間前から
34608,,2017-05-10 20:32:24.878443,1週間前から
34609,,2017-05-10 20:32:24.878702,1週間前から
34610,,2017-05-10 20:32:24.879059,1週間前から
34611,,2017-05-10 20:32:24.879453,1週間前から
34612,,2017-05-10 20:32:24.879909,1週間前から
34613,,2017-05-10 20:32:24.880292,1週間前から
34614,,2017-05-10 20:32:24.880663,1週間前から
34615,,2017-05-10 20:32:24.881012,1週間前から
34616,,2017-05-10 20:32:24.881303,1週間前から
34617,,2017-05-10 20:32:24.881565,1週間前から、
34618,,2017-05-10 20:32:24.881865,1週間前くらいから
34619,,2017-05-10 20:32:24.882398,1週間前ぐらいから
34620,,2017-05-10 20:32:24.882802,1週間前程から
34621,,2017-05-10 20:32:24.883074,1週間程前から
34622,,2017-05-10 20:32:24.883373,1週間程前から
34623,,2017-05-10 20:32:24.883802,1週間程前から
34624,,,1６週頃から
34625,,2017-03-17 20:32:24.884328,1～2ヶ月前から
34626,,2017-02-17 20:32:24.884608,"2,3ヶ月前から"
34627,,2014-05-17 20:32:24.884976,"2,3年前あたりから、"
34628,,2014-05-17 20:32:24.885468,"2,3年前から"
34629,,2014-05-17 20:32:24.885775,"2,3年前から"
34630,,2014-05-17 20:32:24.886121,"2,3年前から"
34631,,2014-05-17 20:32:24.886423,"2,3年前くらいから"
34632,,2014-05-17 20:32:24.886759,"2,3年前ほどから"
34633,,2017-05-14 20:32:24.887072,"2,3日前から、"
34634,,2017-02-17 20:32:24.887396,2-3ヶ月前から、
34635,,2017-02-17 20:32:24.887706,2-3ヶ月程前より
34636,,,2.0から、
34637,,2017-02-17 20:32:24.888387,2.3ヶ月前から
34638,,2014-05-17 20:32:24.888706,2.3年ほど前から
34639,,2014-05-17 20:32:24.889016,2.3年前から
34640,,2017-05-14 20:32:24.889322,2.3日前から
34641,,2017-02-03 20:32:24.889586,2/3(金)より
34642,,2005-07-17 20:32:24.889844,2005年夏頃から
34643,,2006-05-17 20:32:24.890183,2006年から
34644,,2010-05-17 20:32:24.890491,2010年頃より
34645,,2012-05-17 20:32:24.890799,2012年頃から、
34646,,2013-05-17 20:32:24.891157,2013年から
34647,,2013-05-17 20:32:24.891466,2013年から
34648,,2014-05-17 20:32:24.891788,2014年頃から
34649,,,2015.10〜/夫の精子をのどに受けてから
34651,,2015-02-17 20:32:24.892467,2015年2月頃から
34652,,2015-07-17 20:32:24.892801,2015年、夏頃から
34653,,2015-05-17 20:32:24.893129,2015年の5月くらいから
34654,14,2015-05-17 20:32:24.893474,2015年中頃から
34655,,2016-11-17 20:32:24.893856,2016年11月より
34656,,2016-12-05 20:32:24.894199,2016年12月5日の起床時から
34657,,2016-12-17 20:32:24.894560,2016年12月から
34658,,2016-01-17 20:32:24.894897,2016年1月頃より
34659,,2016-04-17 20:32:24.895228,2016年4月ごろより
34660,,2016-11-17 20:32:24.895564,2016年の11月ごろから、
34661,,2016-06-17 20:32:24.895904,2016年の6月ごろから
34662,,2016-10-17 20:32:24.896235,2016年の約秋頃から、
34663,,2016-04-17 20:32:24.896546,2016年春頃より、
34664,,2016-12-17 20:32:24.896856,2016年暮れ頃から、
34665,,2016-10-17 20:32:24.897170,2016年秋頃から、
34666,,2017-01-17 20:32:24.897529,2017年1月あたりから、
34667,,2017-01-25 20:32:24.897848,2017年1月の終わり頃から
34668,,2017-01-17 20:32:24.898177,2017年1月頃から
34669,,2017-05-17 20:32:24.898516,2017年の今年に入ってから、
34670,,2017-01-17 20:32:24.898880,2017年１月から
34671,,2017-01-17 20:32:24.899207,2017年１月から
34672,,,20:00頃から
34673,,,20を過ぎてから、
34674,,,20ミリから
34675,25,,20代から
34676,25,,20代から
34677,25,,20代から
34679,23,,20代の前半頃から
34680,25,,20代の女です
34682,25,,20代の頃から
34683,25,,20代を超えてから
34684,23,,20代前半から
34685,23,,20代前半から、
34686,25,,20代半ば頃から
34687,28,,20代後半から
34688,28,,20代後半から
34689,28,,20代後半から
34691,28,,20代後半になってから、
34692,25,,20代過ぎから
34693,,1997-05-17 20:32:24.904512,20年ほど前から
34694,,1997-05-17 20:32:24.904837,20年ほど前から
34695,,1997-05-17 20:32:24.905171,20年以上前から
34696,,1997-05-17 20:32:24.905605,20年以上前から、
34697,,1997-05-17 20:32:24.905938,20年前から
34698,,1997-05-17 20:32:24.906280,20年前から
34699,,1997-05-17 20:32:24.906757,20年前より
34700,20,,20歳から
34701,20,,20歳くらいから
34702,20,,20歳になってから
34703,20,,20歳の頃から
34704,20,,20歳を超えた頃から
34705,20,,20歳を過ぎた頃から、
34706,20,,20歳を過ぎてから
34707,20,,20歳前後から
34708,20,,20歳頃から
34709,20,,20歳頃から、
34710,,2017-05-21 20:32:24.910439,21日から
34711,22,,22歳頃から
34712,23,,23才になった頃から、
34713,23,,23歳ごろから
34714,23,,23歳男です
34715,24,2016-11-17 20:32:24.911754,24歳男性半年前から
34716,24,,24歳頃から
34717,,1992-05-17 20:32:24.912300,25年くらい前から
34718,25,,25歳くらいから
34719,25,,25歳頃から
34720,29,,29歳女
34721,,2014-05-17 20:32:24.913311,2、3年前から
34722,,2014-05-17 20:32:24.913613,2、3年前から、
34723,,2017-05-14 20:32:24.913915,2、3日前から
34724,,2017-05-14 20:32:24.914220,2、3日曜前から、
34725,,2017-02-17 20:32:24.914526,2〜3ヶ月前から、
34726,,2014-05-17 20:32:24.914831,2〜3年ほど前から
34727,,2014-05-17 20:32:24.915133,2〜3年前から
34728,,2014-05-17 20:32:24.915433,2〜3年前から、
34729,,2014-05-17 20:32:24.915733,2〜3年前から、
34730,,2014-05-17 20:32:24.916038,2〜3年程前から、
34731,,2017-05-14 20:32:24.916344,2〜3日前から
34732,,2017-05-14 20:32:24.916643,2〜3日前から、
34733,,2017-04-26 20:32:24.917057,2〜3週間くらい前から、
34734,,2017-04-26 20:32:24.917444,2〜3週間ほど前から
34735,,2017-04-26 20:32:24.917808,2〜3週間前から、
34736,,2017-03-17 20:32:24.918149,2か月ぐらい前から
34737,0,,2か月ごろから
34738,,2017-03-17 20:32:24.918742,2か月ほど前から、
34739,,2017-03-17 20:32:24.919070,2か月以上前から
34740,,2017-03-17 20:32:24.919449,2か月前から
34741,,2017-03-07 20:32:24.920163,2か月前から10日間ぐらい続いてから
34742,,2017-03-17 20:32:24.921307,2か月程前から
34743,,2017-03-17 20:32:24.921955,2か月程前から
34744,,2017-03-17 20:32:24.922277,2カ月ほど前から、
34745,,2017-03-17 20:32:24.922772,2カ月ほど前から、
34746,,2017-03-17 20:32:24.923319,2カ月前から
34748,,2017-03-17 20:32:24.923858,2ケ月ほど前から
34749,,2017-03-17 20:32:24.924253,2ヵ月くらい前から
34750,0,,2ヶ月から
34751,,2017-03-17 20:32:24.924730,2ヶ月くらい前から
34752,0,,2ヶ月ぐらいの頃から、
34753,,2017-03-17 20:32:24.925131,2ヶ月ぐらい前から
34754,,2017-03-17 20:32:24.925516,2ヶ月ほど前から
34755,,2017-03-17 20:32:24.925802,2ヶ月ほど前から
34756,,2017-03-17 20:32:24.926046,2ヶ月ほど前から
34757,,2017-03-17 20:32:24.926282,2ヶ月ほど前から
34758,,2017-03-17 20:32:24.926520,2ヶ月ほど前から
34759,,2017-03-17 20:32:24.926740,2ヶ月ほど前から
34760,,2017-03-17 20:32:24.926977,2ヶ月ほど前から、
34761,,2017-03-17 20:32:24.927245,2ヶ月ほど前から、
34762,,2017-03-17 20:32:24.927667,2ヶ月ほど前から、
34763,,2017-03-17 20:32:24.928087,2ヶ月ほど前から、
34764,,2017-03-17 20:32:24.928554,2ヶ月ほど前から、
34765,,2017-03-17 20:32:24.928938,2ヶ月ほど前より、
34766,,2017-03-17 20:32:24.929203,2ヶ月前から
34767,,2017-03-17 20:32:24.929440,2ヶ月前から
34768,,2017-03-17 20:32:24.929667,2ヶ月前から
34769,,2017-03-17 20:32:24.929899,2ヶ月前から
34770,,2017-03-17 20:32:24.930129,2ヶ月前から
34771,,2017-03-17 20:32:24.930351,2ヶ月前から
34773,,2017-03-17 20:32:24.930668,2ヶ月程前から
34774,,2017-03-17 20:32:24.930935,2ヶ月程前から
34775,,2017-03-17 20:32:24.931187,2ヶ月程前から
34776,,2017-03-17 20:32:24.931422,2ヶ月程前から
34777,,2017-03-17 20:32:24.931641,2ヶ月程前から、
34778,,,2回サラ金から
34779,,,2回目の投与後から
34780,,2015-05-17 20:32:24.932204,2年くらい前から
34781,,2015-05-17 20:32:24.932439,2年くらい前から
34782,,2015-05-17 20:32:24.932659,2年くらい前から
34783,,2015-05-17 20:32:24.932893,2年くらい前から
34784,,2015-05-17 20:32:24.933125,2年くらい前から
34785,,2015-05-17 20:32:24.933349,2年くらい前から
34786,,2015-05-17 20:32:24.933574,2年くらい前から
34787,,2015-05-17 20:32:24.933804,2年くらい前から、
34788,,2015-05-17 20:32:24.934056,2年くらい前から、
34789,,2015-05-17 20:32:24.934414,2年くらい前から、
34790,,2015-05-17 20:32:24.934736,2年くらい前から、
34791,,2015-05-17 20:32:24.934966,2年ほど前から
34792,,2015-05-17 20:32:24.935195,2年ほど前から
34793,,2015-05-17 20:32:24.935410,2年ほど前から
34794,,2015-05-17 20:32:24.935640,2年ほど前から
34795,,2015-05-17 20:32:24.935870,2年ほど前から
34796,,2015-05-17 20:32:24.936087,2年ほど前から
34797,,2015-05-17 20:32:24.936317,2年ほど前から
34798,,2015-05-17 20:32:24.936543,2年ほど前から
34799,,2015-05-17 20:32:24.936762,2年ほど前から
34800,,2015-05-17 20:32:24.936991,2年ほど前から
34801,,2015-05-17 20:32:24.937220,2年ほど前から
34802,,2015-05-17 20:32:24.937435,2年ほど前から
34803,,2015-05-17 20:32:24.937719,2年ほど前から
34804,,2015-05-17 20:32:24.937950,2年ほど前から
34805,,2015-05-17 20:32:24.938200,2年ほど前から
34806,,2015-05-17 20:32:24.938585,2年ほど前から
34807,,2015-05-17 20:32:24.938817,2年ほど前から
34808,,2015-05-17 20:32:24.939034,2年ほど前から
34809,,2015-05-17 20:32:24.939250,2年ほど前から
34810,,2015-05-17 20:32:24.939463,2年ほど前から
34811,,2015-05-17 20:32:24.939731,2年ほど前から
34812,,2015-05-17 20:32:24.940133,2年ほど前から、
34813,,2015-05-17 20:32:24.940711,2年ほど前から、
34814,,2015-05-17 20:32:24.941276,2年ほど前から、
34815,,2015-05-17 20:32:24.941607,2年ほど前から、
34816,,2015-05-17 20:32:24.941896,2年ほど前から、
34817,,2015-05-17 20:32:24.942147,2年ほど前から、
34818,,2015-05-17 20:32:24.942392,2年ほど前から、
34819,,2015-05-17 20:32:24.942628,2年ほど前から、
34820,,2015-05-17 20:32:24.942866,2年ほど前から、
34821,,2015-05-17 20:32:24.943104,2年ほど前から、
34822,,2015-05-17 20:32:24.943361,2年ほど前から、
34823,,2015-05-17 20:32:24.943619,2年ほど前から、
34824,,2015-05-17 20:32:24.943915,2年ほど前から、
34825,,2015-05-17 20:32:24.944183,2年ほど前より、
34826,,2015-05-17 20:32:24.944442,2年位前から、
34827,,2015-05-17 20:32:24.944743,2年前から
34828,,2015-05-17 20:32:24.945023,2年前から
34829,,2015-05-17 20:32:24.945268,2年前から
34830,,2015-05-17 20:32:24.945550,2年前から
34831,,2015-05-17 20:32:24.945822,2年前から
34832,,2015-05-17 20:32:24.946250,2年前から
34833,,2015-05-17 20:32:24.946537,2年前から
34834,,2015-05-17 20:32:24.946801,2年前から
34835,,2015-05-17 20:32:24.947075,2年前から
34836,,2015-05-17 20:32:24.947354,2年前から
34837,,2015-05-17 20:32:24.947607,2年前から
34838,,2015-05-17 20:32:24.947905,2年前から
34839,,2015-05-17 20:32:24.948170,2年前くらいから
34840,,2015-05-17 20:32:24.948604,2年前くらいから
34841,,2015-05-17 20:32:24.948984,2年前くらいから、
34842,,2015-05-17 20:32:24.949427,2年前ぐらいから
34843,,2015-05-17 20:32:24.949984,2年前ぐらいから
34844,,2015-07-17 20:32:24.950644,2年前の夏頃から
34845,,2015-05-17 20:32:24.951080,2年前ほどから
34847,,2015-05-17 20:32:24.952005,2年前位から、
34848,,2015-05-17 20:32:24.952369,2年前位から、
34849,,2015-05-17 20:32:24.952652,2年前程から
34850,,2015-05-17 20:32:24.952903,2年前程より、
34851,,2015-05-17 20:32:24.953208,2年前？の頃から
34852,,2014-11-17 20:32:24.953480,2年半ほど前から
34853,,2014-11-17 20:32:24.953769,2年半前から
34854,,2014-01-17 20:32:24.954109,2年半前くらいに子育てを始めだしてから
34855,,2015-05-17 20:32:24.954446,2年程前から
34856,,2015-05-17 20:32:24.954766,2年程前から
34857,,2015-05-17 20:32:24.955073,2年程前から
34858,,2015-05-17 20:32:24.955389,2年程前から
34859,,2015-05-17 20:32:24.955691,2年程前から
34860,,2015-05-17 20:32:24.956028,2年程前から
34861,,2015-05-17 20:32:24.956353,2年程前から
34862,,2015-05-17 20:32:24.956662,2年程前から、
34863,,,2度ほどきてから
34864,,2017-05-15 20:32:24.957200,2日くらい前から
34866,,2017-05-17 02:32:24.957726,2時から
34867,,2017-05-17 02:32:24.957988,2時間から
34868,,2017-05-17 02:32:24.958262,2時間後位から
34869,,2017-02-10 20:32:24.958550,2月10日から
34870,,2017-02-11 20:32:24.958858,2月11日ごろから
34871,,2017-02-23 20:32:24.959168,2月23日から
34872,,2017-02-02 12:32:24.959470,2月2日のお昼頃から
34873,,2017-02-17 20:32:24.959772,2月から
34874,,2017-02-17 20:32:24.960055,2月から
34875,,2017-02-17 20:32:24.960341,2月に入ってから
34876,,2017-02-17 20:32:24.960632,2月上旬から
34877,,2017-02-17 20:32:24.960916,2月下旬から
34878,,2017-02-17 20:32:24.961201,2月下旬から
34879,2,,2歳から
34880,2,,2歳のころから、
34881,2,,2歳の頃から
34882,2,,2歳半の娘は保育園に通うようになってから
34883,2,,2歳過ぎた頃から、
34884,2,,2歳頃から
34885,2,,2歳頃から、
34886,,,2週間から
34887,,,2週間から
34888,,2017-05-03 20:32:24.963894,2週間くらい前から
34889,,2017-05-03 20:32:24.964215,2週間くらい前から、
34890,,2017-05-03 20:32:24.964538,2週間ぐらい前から
34891,,2017-05-03 20:32:24.964885,2週間ほど前から
34892,,2017-05-03 20:32:24.965210,2週間ほど前から
34893,,2017-05-03 20:32:24.965599,2週間ほど前から
34894,,2017-05-03 20:32:24.965946,2週間ほど前から
34895,,2017-05-03 20:32:24.966347,2週間ほど前から
34896,,2017-05-03 20:32:24.966852,2週間ほど前から
34897,,2017-05-03 20:32:24.967191,2週間ほど前から
34898,,2017-05-03 20:32:24.967495,2週間ほど前から
34899,,2017-05-03 20:32:24.967955,2週間ほど前から
34900,,2017-05-03 20:32:24.968563,2週間ほど前から
34901,,2017-05-03 20:32:24.969980,2週間ほど前から
34902,,2017-05-03 20:32:24.970603,2週間ほど前から
34903,,2017-05-03 20:32:24.971013,2週間ほど前から
34904,,2017-05-03 20:32:24.971348,2週間ほど前から
34905,,2017-05-03 20:32:24.971715,2週間ほど前から
34906,,2017-05-03 20:32:24.972015,2週間ほど前から
34907,,2017-05-03 20:32:24.972325,2週間ほど前から、
34908,,2017-05-03 20:32:24.972634,2週間ほど前から、
34909,,2017-05-03 20:32:24.972938,2週間ほど前から、
34910,,2017-05-03 20:32:24.973242,2週間ほど前より
34911,,2017-05-03 20:32:24.973583,2週間前から
34912,,2017-05-03 20:32:24.974057,2週間前から
34913,,2017-05-03 20:32:24.974545,2週間前から
34914,,2017-05-03 20:32:24.975060,2週間前から
34915,,2017-05-03 20:32:24.975772,2週間前から、
34916,,2017-05-03 20:32:24.976257,2週間前から、
34917,,2017-05-03 20:32:24.976612,2週間前くらいから
34918,,2017-05-03 20:32:24.976958,2週間前くらいから
34919,,2017-05-03 20:32:24.977236,2週間前くらいから
34920,,2017-05-03 20:32:24.977526,2週間前ぐらいから
34921,,2017-05-03 20:32:24.977837,2週間前上司に仕事に対する姿勢を怒られてから、
34922,,2017-05-03 20:32:24.978198,2週間程前から
34923,,2017-05-03 20:32:24.978529,2週間程前から
34924,,2017-05-03 20:32:24.978836,2週間程前から、
34925,,2017-05-14 20:32:24.979163,2，3日ほど前から
34926,,2014-05-17 20:32:24.979442,2～3年前から
34927,,2014-05-17 20:32:24.979731,2～3年前から
34928,,2014-05-17 20:32:24.980035,2～3年前くらいから
34929,,2017-05-14 20:32:24.980339,2～3日前から
34930,,2017-05-14 20:32:24.980639,2～3日前から、
34931,,2017-04-26 20:32:24.981235,2～3週間前から
34932,,2017-04-26 20:32:24.981604,2～3週間前から
34933,,2013-05-17 20:32:24.981931,3-4年前から
34934,35,,30代から
34935,35,,30代になった頃から、
34936,35,,30代になってから
34937,35,,30代になってから
34938,35,,30代になってから
34939,35,,30代になってから、
34940,35,,30代に入ってから、
34941,35,,30代の時から
34942,35,,30代より
34943,35,,30代半ば頃から、
34944,38,,30代後半から、
34945,,,30分から
34946,,1987-05-17 20:32:24.985215,30年位前から
34947,30,,30才で25才頃から、
34948,,2017-05-30 20:32:24.985823,30日から
34949,,2017-05-30 20:32:24.986117,30日から
34950,,2017-05-30 20:32:24.986424,30日から
34951,30,2015-05-17 20:32:24.987082,30歳で二年前くらいから
34952,30,,30歳を過ぎてから、
34953,30,,30歳を過ぎてから、
34954,32,,32歳で下の子を出産してから、
34955,33,,33歳を超えたころから、
34956,,,35度台から
34957,,,36.4℃ぐらいから
34958,,,36週あたりから
34959,,,37.0度から
34960,,,37.0度から
34961,37,2016-05-17 20:32:24.990163,37歳男性　1年くらい前から
34962,,,38度５分から
34963,,,38週から
34964,,2013-05-17 20:32:24.991114,3~4年前から
34965,,2013-05-17 20:32:24.991491,3、4年くらい前から、
34966,,2013-05-17 20:32:24.991869,3〜4年前から
34967,,2013-05-17 20:32:24.992229,3〜4年前から、
34969,,,3から
34970,,,3から
34972,,2017-02-17 20:32:24.993601,3か月くらい前から
34973,,2017-02-17 20:32:24.994020,3か月くらい前から、
34974,,2017-02-17 20:32:24.994426,3か月前から
34975,,2017-02-17 20:32:24.994827,3か月前から
34976,,2017-02-17 20:32:24.995215,3か月前から
34977,,2017-02-17 20:32:24.995615,3カ月ほど前から
34978,,2017-02-17 20:32:24.996014,3カ月前から
34979,,2017-02-17 20:32:24.996399,3カ月前より
34980,,,3キロほど減り、悪阻が終わってから
34981,,2016-11-17 20:32:24.997110,3ヶ月〜半年前より
34982,0,,3ヶ月から
34983,,2017-02-17 20:32:24.997663,3ヶ月くらい前から
34984,,2017-02-17 20:32:24.997906,3ヶ月くらい前から、
34985,,2017-02-17 20:32:24.998260,3ヶ月ほど前から
34986,,2017-02-17 20:32:24.998623,3ヶ月ほど前から
34987,,2017-02-17 20:32:24.998889,3ヶ月ほど前から
34988,,2017-02-17 20:32:24.999140,3ヶ月ほど前から
34990,,2017-02-17 20:32:24.999461,3ヶ月ほど前から
34991,,2017-02-17 20:32:24.999702,3ヶ月ほど前から、
34992,,2017-02-17 20:32:24.999942,3ヶ月ほど前から、
34993,,2017-02-17 20:32:25.000249,3ヶ月ほど前から、
34994,,2017-02-17 20:32:25.000509,3ヶ月位前から
34995,,2017-02-17 20:32:25.000747,3ヶ月前から
34996,,2017-02-17 20:32:25.000979,3ヶ月前から
34997,,2017-02-17 20:32:25.001210,3ヶ月前から
34998,,2017-02-17 20:32:25.001508,3ヶ月前から
34999,,2017-02-17 20:32:25.001768,3ヶ月前から
35000,,2017-02-17 20:32:25.001998,3ヶ月前から
35001,,2017-02-17 20:32:25.002230,3ヶ月前から
35002,,2017-02-17 20:32:25.002463,3ヶ月前から
35004,,2017-02-17 20:32:25.002771,3ヶ月前から
35005,,2017-02-17 20:32:25.002999,3ヶ月前から
35006,,2017-11-17 20:32:25.003234,3ヶ月前の11月頃から
35007,,2017-02-17 20:32:25.003613,3ヶ月前辺りから
35008,,2017-02-17 20:32:25.004154,3ヶ月程前から
35009,,2017-02-17 20:32:25.004438,3ヶ月程前から、
35010,,2014-05-17 20:32:25.004684,3年くらい前から
35011,,2014-05-17 20:32:25.004920,3年くらい前から
35012,,2014-05-17 20:32:25.005148,3年くらい前から、
35013,,2014-05-17 20:32:25.005374,3年くらい前から、
35014,,2014-05-17 20:32:25.005595,3年くらい前から、
35015,,2014-05-17 20:32:25.005814,3年ほど前から
35016,,2014-05-17 20:32:25.006032,3年ほど前から
35017,,2014-05-17 20:32:25.006380,3年ほど前から
35018,,2014-05-17 20:32:25.006875,3年ほど前から
35019,,2014-05-17 20:32:25.007328,3年ほど前から
35020,,2014-05-17 20:32:25.007767,3年ほど前から
35021,,2014-05-17 20:32:25.008177,3年ほど前から
35022,,2014-05-17 20:32:25.008491,3年ほど前から
35023,,2014-05-17 20:32:25.008765,3年ほど前から
35024,,2014-05-17 20:32:25.009008,3年ほど前から
35025,,2014-05-17 20:32:25.009241,3年ほど前から
35026,,2014-05-17 20:32:25.009476,3年ほど前から
35027,,2014-05-17 20:32:25.009718,3年ほど前から
35028,,2014-05-17 20:32:25.010224,3年ほど前から
35029,,2014-05-17 20:32:25.010558,3年ほど前から、
35030,,2014-05-17 20:32:25.010849,3年ほど前から、
35031,,2014-05-17 20:32:25.011134,3年ほど前から、
35032,,2014-05-17 20:32:25.011441,3年ほど前から、
35033,,2014-05-17 20:32:25.011902,3年ほど前から、
35034,,2014-05-17 20:32:25.012305,3年ほど前から、
35035,,2014-05-17 20:32:25.012661,3年位前から、
35036,,2014-05-17 20:32:25.012964,3年前から
35037,,2014-05-17 20:32:25.013233,3年前から
35038,,2014-05-17 20:32:25.013532,3年前から
35039,,2014-05-17 20:32:25.013795,3年前から
35040,,2014-05-17 20:32:25.014068,3年前から
35041,,2014-05-17 20:32:25.014337,3年前から
35042,,2014-05-17 20:32:25.014724,3年前から
35043,,2014-05-17 20:32:25.015104,3年前から
35044,,2014-05-17 20:32:25.015370,3年前から
35045,,2014-05-17 20:32:25.015982,3年前から
35046,,2014-05-17 20:32:25.016456,3年前から
35047,,2014-05-17 20:32:25.016775,3年前から
35048,,2014-05-17 20:32:25.017041,3年前から
35049,,2014-05-17 20:32:25.017284,3年前から
35050,,2014-05-17 20:32:25.017656,3年前から
35051,,2014-05-17 20:32:25.018093,3年前から
35052,,2014-05-17 20:32:25.018752,3年前くらいから
35053,,2014-05-17 20:32:25.019113,3年前くらいから
35054,,2014-05-17 20:32:25.019414,3年前くらいから
35055,,2014-05-17 20:32:25.019723,3年前くらいから
35056,,2014-05-17 20:32:25.020036,3年前ぐらいから
35057,,2014-05-17 20:32:25.020341,3年前ぐらいから
35058,,2014-05-17 20:32:25.020642,3年前ほどから
35059,,2014-05-17 20:32:25.021033,3年前より
35060,,0003-05-17 20:32:25.021351,3年生になってから
35061,,2014-05-17 20:32:25.021751,3年程前から
35062,,2014-05-17 20:32:25.022034,3年程前から
35063,,2014-05-17 20:32:25.022332,3年程前から
35064,,2014-05-17 20:32:25.022643,3年程前から
35065,,2014-05-17 20:32:25.022951,3年程前から
35066,,2014-05-17 20:32:25.023257,3年程前から
35068,,2017-05-14 20:32:25.023650,3日くらい前から
35069,,2017-05-14 20:32:25.023950,3日くらい前から
35070,,2017-05-14 20:32:25.024252,3日ほど前から
35071,,2017-05-14 20:32:25.024551,3日ほど前から
35072,,2017-05-14 20:32:25.024848,3日ほど前から
35073,,2017-05-14 20:32:25.025201,3日ほど前から
35074,,2017-05-14 20:32:25.025507,3日ほど前から、
35075,,2017-05-14 20:32:25.025814,3日前から
35076,,2017-05-14 20:32:25.026133,3日前から
35077,,2017-05-14 20:32:25.026434,3日前から
35078,,2017-05-14 20:32:25.026751,3日前から
35079,,2017-05-14 20:32:25.027055,3日前から
35080,,2017-05-14 20:32:25.027520,3日前から、
35081,,2017-05-14 20:32:25.027827,3日前から、
35082,,2017-05-14 20:32:25.028128,3日前から、
35083,,2017-05-14 20:32:25.028436,3日前くらいから、
35084,,2017-05-14 20:32:25.028745,3日前ぐらいから
35085,,2017-05-14 20:32:25.029052,3日前ぐらいから、
35086,,2017-05-14 20:32:25.029360,3日前ほどから、
35088,,2017-03-01 20:32:25.029751,3月1日から
35089,,2017-03-01 20:32:25.030046,3月1日から
35090,,2017-03-17 20:32:25.030359,3月から肉芽のようなものができてしまい、治療などしているのですが
35091,,2017-03-17 20:32:25.031270,3月くらいから
35092,,2017-03-17 20:32:25.031686,3月の上旬頃から、
35093,,2017-03-17 20:32:25.032024,3月より
35094,,2017-03-25 20:32:25.032334,3月末から
35095,3,,3歳ごろから、
35096,3,,3歳になった頃から
35097,3,,3歳のころから
35098,3,,3歳の頃から
35099,3,,3歳頃から
35100,,2017-04-26 20:32:25.034002,3週間ほど前から
35101,,2017-04-26 20:32:25.034415,3週間ほど前より、
35102,,2017-04-26 20:32:25.034744,3週間前から、
35103,,2017-04-26 20:32:25.035064,3週間前くらいから、
35104,,2017-01-17 20:32:25.035379,3～4ヵ月前から
35105,,2013-05-17 20:32:25.035692,3～4年ほど前から
35106,,2013-05-17 20:32:25.035999,3～4年前から
35107,,2017-05-13 20:32:25.036302,3～4日前から
35108,,2012-05-17 20:32:25.036610,4.5年ほど前より、
35109,,2012-05-17 20:32:25.036914,4.5年前から、
35110,,2017-04-26 20:32:25.037215,4/26から
35111,45,,40代になってから
35112,45,,40代を過ぎた頃から、
35113,,2017-05-17 20:32:25.037989,40日から
35114,40,,40歳になったころから、
35116,40,,40歳を過ぎたころから、
35117,40,,40歳を過ぎてから、
35118,40,,40歳を過ぎてから、
35119,48,,40歳代後半頃から
35120,41,,41歳の頃から
35121,,,45kg代から
35122,45,,45歳を超えてから
35123,47,,47歳主婦です
35124,,2012-05-17 20:32:25.041459,4〜5年前から
35125,,2017-01-17 20:32:25.042068,4か月ほど前から
35126,,2017-01-17 20:32:25.042759,4か月前から
35128,,2017-01-17 20:32:25.043164,4ヶ月前から
35129,,2017-01-17 20:32:25.043468,4ヶ月前から、
35130,,2017-01-17 20:32:25.043791,4ヶ月程前から、
35131,,0004-05-17 20:32:25.044097,4年から
35132,,2013-05-17 20:32:25.044390,4年くらい前から
35133,,2013-05-17 20:32:25.044820,4年ほど前から
35134,,2013-05-17 20:32:25.045152,4年ほど前から
35135,,2013-05-17 20:32:25.045468,4年ほど前から
35136,,2013-05-17 20:32:25.045781,4年ほど前から
35137,,2013-05-17 20:32:25.046087,4年ほど前から
35138,,2013-05-17 20:32:25.046392,4年ほど前から、
35139,,2013-05-17 20:32:25.046697,4年ほど前から、
35140,,2013-05-17 20:32:25.047004,4年位前より
35141,,2013-05-17 20:32:25.047308,4年前から
35142,,2013-05-17 20:32:25.047653,4年前から
35143,,2013-05-17 20:32:25.047937,4年前から
35144,,2013-05-17 20:32:25.048226,4年前から
35145,,2013-05-17 20:32:25.048598,4年前から
35146,,2013-05-17 20:32:25.048926,4年前から
35147,,2013-05-17 20:32:25.049206,4年前から、
35148,,2013-05-17 20:32:25.049535,4年前から、
35149,,2013-05-17 20:32:25.049840,4年前くらいから
35150,,2013-05-17 20:32:25.050152,4年前くらいから
35151,,2013-05-17 20:32:25.050574,4年前ぐらいから
35152,,2013-05-17 20:32:25.050870,4年前にリタイアしてから
35153,,2013-05-17 20:32:25.051187,4年前ほどから
35154,,2013-05-17 20:32:25.051499,4年前より
35155,,2013-05-17 20:32:25.051805,4年程前から
35156,,2013-05-17 20:32:25.052113,4年程前から、
35157,,2017-05-13 20:32:25.052436,4日ほど前から
35158,,2017-05-13 20:32:25.052911,4日前から
35159,,2017-05-13 20:32:25.053500,4日前から
35160,,2017-05-13 20:32:25.054143,4日前から
35161,,2017-05-13 20:32:25.054511,4日前から
35162,,2017-05-13 20:32:25.054797,4日前の23日より
35163,,2017-05-13 20:32:25.055071,4日程前から
35164,,2017-04-09 20:32:25.055317,4月9日より
35165,,2017-04-17 20:32:25.055566,4月から
35166,,2017-04-17 20:32:25.055862,4月から
35167,,2017-04-17 20:32:25.056106,4月から
35168,,2017-04-17 20:32:25.056540,4月から
35169,,2017-04-04 20:32:25.056924,4月の4日から
35170,4,,4歳の娘が先々週くらいから
35171,4,,4歳少し前くらいから
35172,,2012-05-17 20:32:25.057798,4～5年前から
35173,,2012-05-17 20:32:25.058062,4～5年前から
35174,,2012-05-17 20:32:25.058312,4～5年前から、
35175,,2011-05-17 20:32:25.058558,"5,6年ほど前から、"
35176,,2011-05-17 20:32:25.058803,5.6年前から
35177,55,,50代から
35178,55,,50代に入ってから
35179,50,,50歳になった頃から、
35180,50,,50歳を超えてから、
35181,50,,50歳を過ぎてから
35182,54,2017-05-17 20:32:25.059881,54歳、昨夜から
35183,,,58キロから
35184,,2016-12-17 20:32:25.060213,5か月くらい前から
35185,,,5と閉経時の数値より
35186,,2016-12-17 20:32:25.060615,5ヶ月前から
35187,0,,5ヶ月頃から
35188,0,,5ヶ月頃から
35189,,2012-05-17 20:32:25.061145,5年くらい前から
35190,,2012-05-17 20:32:25.061379,5年くらい前から
35191,,2012-05-17 20:32:25.061691,5年ぐらい前から
35192,,2012-05-17 20:32:25.061940,5年ぐらい前から
35193,,2012-05-17 20:32:25.062413,5年ほど前から
35194,,2012-05-17 20:32:25.062777,5年ほど前から
35195,,2012-05-17 20:32:25.063128,5年ほど前から
35196,,2012-05-17 20:32:25.063474,5年ほど前から
35197,,2012-05-17 20:32:25.063823,5年ほど前から
35198,,2012-05-17 20:32:25.064173,5年ほど前から
35199,,2012-05-17 20:32:25.064571,5年ほど前から
35200,,2012-05-17 20:32:25.064989,5年ほど前から
35201,,2012-05-17 20:32:25.065386,5年ほど前から
35202,,2012-05-17 20:32:25.065794,5年ほど前から
35203,,2012-05-17 20:32:25.066187,5年ほど前から
35204,,2012-05-17 20:32:25.066577,5年ほど前から
35205,,2012-05-17 20:32:25.066961,5年ほど前から
35206,,2012-05-17 20:32:25.067342,5年ほど前から
35207,,2012-05-17 20:32:25.067724,5年ほど前から、
35208,,2012-05-17 20:32:25.068365,5年ほど前から、
35209,,2012-05-17 20:32:25.068791,5年ほど前から、
35210,,2012-05-17 20:32:25.069195,5年ほど前から、
35211,,2012-05-17 20:32:25.069595,5年ほど前から、
35212,,2012-05-17 20:32:25.069999,5年ほど前から、
35213,,2012-05-17 20:32:25.070397,5年ほど前から、
35214,,2012-05-17 20:32:25.070824,5年ほど前から、
35215,,2012-05-17 20:32:25.071262,5年ほど前から、
35216,,2012-05-17 20:32:25.071676,5年ほど前から、
35217,,2012-05-17 20:32:25.071943,5年ほど前から、
35218,,2012-05-17 20:32:25.072166,5年ほど前から、
35219,,2012-05-17 20:32:25.072385,5年以上前から
35221,,2012-05-17 20:32:25.072690,5年前から
35222,,2012-05-17 20:32:25.072923,5年前から
35223,,2012-05-17 20:32:25.073153,5年前から
35224,,2012-05-17 20:32:25.073373,5年前から
35225,,2012-05-17 20:32:25.073630,5年前から、
35226,,2012-05-17 20:32:25.074200,5年前くらいから
35227,,2012-05-17 20:32:25.074513,5年前くらいから
35228,,2012-05-17 20:32:25.075068,5年前くらいから
35229,,2012-05-17 20:32:25.075761,5年前くらいから
35230,,2012-05-17 20:32:25.076091,5年前くらいから、
35231,,2012-05-17 20:32:25.076445,5年前ぐらいから
35232,,2012-05-17 20:32:25.076794,5年前ぐらいから、
35233,,2012-05-17 20:32:25.077257,5年前に出産してから
35234,,2012-05-17 20:32:25.077584,5年前に離婚してから
35235,,2012-05-17 20:32:25.077920,5年前ほどから
35236,,2012-05-17 20:32:25.078301,5年前位から
35237,,2012-05-17 20:32:25.078574,5年程前から
35238,,2012-05-17 20:32:25.078877,5年程前から
35239,,2012-05-17 20:32:25.079135,5年程前から
35240,,2012-05-17 20:32:25.079412,5年程前から、
35241,,2017-05-12 20:32:25.079905,5日ほど前から、
35242,,2017-05-12 20:32:25.080187,5日前から
35243,,2017-05-17 20:32:25.080495,5月から
35244,,2017-05-17 20:32:25.080772,5月から
35245,,2017-05-17 20:32:25.081096,5月に出産してから、
35246,,2017-05-17 20:32:25.081378,5月頃から
35247,5,,5歳ごろから
35248,5,,5歳ごろから
35249,5,,5歳の娘が2歳くらいから
35250,,,5程前から、
35251,,2011-05-17 20:32:25.082554,5～6年前から、
35252,63,,63歳の母年前から、
35253,65,,65歳男性
35254,0,,6ヶ月頃から
35255,,2011-05-17 20:32:25.083467,6年ほど前から
35256,,2011-05-17 20:32:25.083740,6年ほど前から
35257,,2011-05-17 20:32:25.084052,6年ほど前から
35258,,2011-05-17 20:32:25.084537,6年ほど前から
35259,,2011-05-17 20:32:25.085072,6年前から
35260,,2011-05-17 20:32:25.085522,6年前から
35261,,2011-05-17 20:32:25.085846,6年前から
35262,,0006-05-17 20:32:25.086173,6年生から
35263,,2017-05-06 20:32:25.086456,6日後から
35264,,,7.8から
35265,,2009-05-17 20:32:25.086982,7〜8年前から
35266,0,,7ヶ月の終わり頃から
35267,,2016-10-17 20:32:25.087546,7ヶ月前から
35268,0,,7ヶ月頃から
35269,,2010-05-17 20:32:25.088054,7年ぐらい前から
35270,,2010-05-17 20:32:25.088350,7年ほど前から
35271,,2010-05-17 20:32:25.088652,7年ほど前から
35272,,2010-05-17 20:32:25.088949,7年ほど前から
35273,,2010-05-17 20:32:25.089246,7年前から
35274,,2010-05-17 20:32:25.089540,7年前から
35275,,2010-05-17 20:32:25.089796,7年程前から
35276,,2017-05-07 20:32:25.090074,7日から
35277,,2017-05-07 20:32:25.090343,7日から
35279,,2017-07-25 20:32:25.090699,7月終わりから
35280,85,,85歳ぐらいから
35281,,2016-09-17 20:32:25.091395,8か月前から
35282,,2016-09-17 20:32:25.091734,8か月前から
35283,,2009-05-17 20:32:25.092009,8年くらい前から
35284,,2009-05-17 20:32:25.092299,8年ほど前から
35285,,2009-05-17 20:32:25.092600,8年ほど前から
35286,,2009-05-17 20:32:25.092993,8年ほど前から
35287,,2009-05-17 20:32:25.093313,8年前から
35288,,2009-05-17 20:32:25.093631,8年前から
35289,,2009-05-17 20:32:25.093987,8年前以上から
35290,,2009-05-17 20:32:25.094326,8年程前から、
35291,,2017-05-17 08:32:25.094687,8時45分から
35292,,2017-08-17 20:32:25.094990,8月から
35293,,2017-08-17 20:32:25.095244,8月頃から
35295,,2017-09-17 20:32:25.095629,9月から
35297,,2017-09-17 20:32:25.095965,9月上旬から
35298,,2017-09-17 20:32:25.096208,9月初旬より
35300,,2017-09-17 20:32:25.096569,9月後半より
35301,,2017-09-17 20:32:25.096926,9月頃から、
35302,9,,9歳の頃から
35305,,,MRIを撮ってから
35307,,,℉前から
