34063,,2017-01-17 19:36:22.956924,"
でも、3,4ヶ月前くらいから、"
34238,,2017-12-30 19:36:22.973671,(12月30日)から
34241,,2017-05-17 19:36:22.979047,(去年の5月頃から
34242,28,,(現在20代後半)から
34243,45,,(現在40代)から
34244,,,(産前から
34246,,,)、かなり昔から
34248,,2015-05-17 19:36:22.980594,"1,2年ほど前から、"
34249,,,1.5から
34250,,,1.5から
34251,,,1.ヶ月前から
34252,,2016-07-17 19:36:22.981557,10ヶ月くらい前から
34253,15,,10代から
34254,15,,10代のころから
34255,18,,10代の後半頃から
34256,15,,10代の時から
34257,15,,10代の頃から
34258,15,,10代の頃から
34259,15,,10代の頃から
34260,15,,10代の頃から
34261,15,,10代の頃から
34262,15,,10代の頃から
34263,15,,10代の頃から
34264,15,,10代の頃から、
34265,15,,10代の頃から、
34266,13,,10代前半頃から
34267,18,,10代後半の頃より
34268,,,10分ほど放置したらヒリヒリしてから
34269,,2007-05-17 19:36:22.985597,10年くらい前から
34270,,2007-05-17 19:36:22.985911,10年くらい前から
34271,,2007-05-17 19:36:22.986335,10年くらい前から、
34272,,2007-05-17 19:36:22.986692,10年ぐらい前から
34273,,2007-05-17 19:36:22.987028,10年ぐらい前から、
34274,,2007-05-17 19:36:22.987333,10年ほど前から
34275,,2007-05-17 19:36:22.987671,10年ほど前から
34276,,2007-05-17 19:36:22.988010,10年ほど前から
34277,,2007-05-17 19:36:22.988333,10年ほど前から
34278,,2007-05-17 19:36:22.988635,10年ほど前から
34279,,2007-05-17 19:36:22.989063,10年ほど前から
34280,,2007-05-17 19:36:22.989535,10年ほど前から
34281,,2007-05-17 19:36:22.989875,10年ほど前から
34282,,2007-05-17 19:36:22.990152,10年ほど前から
34283,,2007-05-17 19:36:22.990439,10年ほど前から
34284,,2007-05-17 19:36:22.990740,10年ほど前から
34285,,2007-05-17 19:36:22.991038,10年ほど前から
34286,,2007-05-17 19:36:22.991424,10年ほど前から
34287,,2007-05-17 19:36:22.991730,10年ほど前から、
34288,,2007-05-17 19:36:22.992050,10年ほど前から、
34289,,2007-05-17 19:36:22.992358,10年ほど前から、
34290,,2007-05-17 19:36:22.992682,10年ほど前から、
34291,,2007-05-17 19:36:22.992993,10年ほど前から、
34292,,2007-05-17 19:36:22.993319,10年ほど前から、
34293,,2007-05-17 19:36:22.993631,10年ほど前から、
34294,,2007-05-17 19:36:22.993953,10年ほど前から、
34295,,2007-05-17 19:36:22.994295,10年ほど前からから
34296,,2007-05-17 19:36:22.994566,10年ほど前より
34297,,2007-05-17 19:36:22.994853,10年以上前/昔から
34298,,2007-05-17 19:36:22.995156,10年以上前から
34299,,2007-05-17 19:36:22.995462,10年以上前から
34300,,2007-05-17 19:36:22.995785,10年以上前から
34301,,2007-05-17 19:36:22.996272,10年以上前から
34302,,2007-05-17 19:36:22.997248,10年以上前から
34303,,2007-05-17 19:36:22.997831,10年以上前から
34304,,2007-05-17 19:36:22.998205,10年以上前から
34305,,2007-05-17 19:36:22.998457,10年以上前から、
34306,,2007-05-17 19:36:22.998695,10年以上前から、
34307,,2007-05-17 19:36:22.998921,10年以上前から、
34308,,0010-05-17 19:36:22.999152,10年以上昔から
34309,,2007-05-17 19:36:23.000475,10年前から
34310,,2007-05-17 19:36:23.000735,10年前から
34311,,2007-05-17 19:36:23.000964,10年前から
34312,,2007-05-17 19:36:23.001191,10年前から
34313,,2007-05-17 19:36:23.001418,10年前から
34314,,2007-05-17 19:36:23.001642,10年前から
34315,,2007-05-17 19:36:23.001867,10年前から、
34316,,2007-05-17 19:36:23.002091,10年前くらいから
34317,,2007-05-17 19:36:23.002311,10年前くらいから
34318,,2007-05-17 19:36:23.002540,10年前くらいから、
34319,,2007-05-17 19:36:23.002770,10年前くらい前から
34320,,2007-05-17 19:36:23.002999,10年前ぐらいから
34321,,2007-05-17 19:36:23.003213,10年前ぐらいから
34322,,2007-05-17 19:36:23.003441,10年前に就職をしてから、
34323,,2007-05-17 19:36:23.003674,10年前ほどから
34324,,2007-05-17 19:36:23.003887,10年前位から、
34325,,2007-05-17 19:36:23.004147,10年程前から
34326,,2007-05-17 19:36:23.004520,10年程前から
34327,,2007-05-17 19:36:23.004940,10年程前から
34328,,2007-05-17 19:36:23.005327,10年程前から
34329,,2007-05-17 19:36:23.005705,10年程前から
34330,,2007-05-17 19:36:23.006087,10年程前から
34331,,2007-05-17 19:36:23.006476,10年程前に強制猥褻未遂、DV他等にあってから
34332,,2007-05-17 19:36:23.006760,10年近く前から、
34333,,2014-05-17 19:36:23.006995,10数年前から
34334,,2014-05-17 19:36:23.007223,10数年前から
34335,,2017-05-07 19:36:23.007442,10日くらい前から
34336,,2017-05-07 19:36:23.007671,10日程前から
34337,,2017-05-17 10:36:23.007895,10時から
34338,,2017-05-17 10:36:23.008657,10時半から
34339,,2017-10-17 19:36:23.009013,10月ごろから
34340,,2017-10-17 19:36:23.009377,10月に生理がきてから
34341,13,2017-10-17 19:36:23.010589,10月中旬から
34342,,2017-10-17 19:36:23.010982,10月頃から
34343,,2017-10-17 19:36:23.011337,10月頃から
34344,10,,10歳くらいから
34345,,2017-11-07 19:36:23.011951,11月7日から
34346,,2017-11-17 19:36:23.012314,11月から
34347,,2017-11-17 19:36:23.012643,11月から
34348,,2017-11-17 19:36:23.012980,11月ごろから、
34349,,2017-11-17 19:36:23.013338,11月に入った頃から
34350,,2017-11-17 19:36:23.013599,11月に入ってから
34351,,2017-11-17 19:36:23.013813,11月上旬から
34352,13,2017-11-17 19:36:23.014026,11月中頃から
34353,,2016-11-17 19:36:23.014230,11月前から
34354,,2017-11-17 19:36:23.014476,11月頃から
34355,11,2017-05-12 19:36:23.014685,11歳の娘が5日前から、
34356,,2017-12-05 19:36:23.014908,12/5から
34357,,2005-05-17 19:36:23.015094,12年前から
34358,,2005-05-17 19:36:23.015307,12年前から
34359,,2017-12-31 19:36:23.015524,12月31日から
34360,,2017-12-17 19:36:23.015749,12月から
34361,,2017-12-17 19:36:23.015949,12月くらいから
34362,,2017-12-17 19:36:23.016150,12月に入ってから、
34363,,2017-12-17 19:36:23.016356,12月より
34364,13,2017-12-17 19:36:23.016562,12月中旬から、
34365,13,2017-12-17 19:36:23.016767,12月中頃から、
34366,,2017-12-17 19:36:23.016969,12月末頃から
34367,,2017-12-17 19:36:23.017168,12月頃から
34368,,,130から
34369,,2004-05-17 19:36:23.017515,13年前から
34370,,2002-05-17 19:36:23.017853,15年くらい前から
34371,,2002-05-17 19:36:23.018232,15年くらい前から
34372,,2002-05-17 19:36:23.018484,15年くらい前から、
34373,,2002-05-17 19:36:23.018718,15年ほど前から
34374,,2002-05-17 19:36:23.018945,15年ほど前から
34375,,2002-05-17 19:36:23.019168,15年ほど前から
34376,,2002-05-17 19:36:23.019390,15年ほど前から
34377,,2002-05-17 19:36:23.019610,15年ほど前から
34378,,2002-05-17 19:36:23.019825,15年ほど前から、
34379,,2002-05-17 19:36:23.020038,15年ほど前から、
34380,,2002-04-17 19:36:23.020254,15年ほど前の思春期の頃から、
34381,,2002-05-17 19:36:23.020477,15年前から
34382,,2002-05-17 19:36:23.020717,15年前から
34383,,2002-05-17 19:36:23.021050,15年前より
34384,,2002-05-17 19:36:23.021302,15年程前から
34385,15,,15歳の時から、
34386,15,,15歳位から
34387,,0016-03-17 19:36:23.021835,16年3月から
34388,,0016-11-17 19:36:23.022056,16年の11月から
34389,16,2016-07-17 19:36:23.022279,16歳の長女、10か月ほど前から
34391,,,18から
34392,,,18の頃から
34393,18,,18歳くらいから
34394,18,,18歳ぐらいから、
34395,18,,18歳ごろから
34396,18,,18歳になってから
34397,19,,19歳から
34398,19,,19歳くらいの時から
34399,,2017-04-17 19:36:23.025355,1か月ほど前から
34400,,2017-04-17 19:36:23.025744,1か月ほど前から
34402,,2017-04-17 19:36:23.026210,1か月ほど前から
34403,,2017-04-17 19:36:23.026584,1か月ほど前から
34404,,2017-04-17 19:36:23.026969,1か月ほど前から
34405,,2017-04-17 19:36:23.027222,1か月ほど前から、
34406,,2017-04-17 19:36:23.027480,1か月ほど前から、
34407,,2017-04-17 19:36:23.027716,1か月前から
34408,,2017-04-17 19:36:23.028215,1か月前から
34409,,2017-04-17 19:36:23.028539,1か月前から、
34410,,2017-04-17 19:36:23.028786,1か月前から、
34411,,2017-04-17 19:36:23.029041,1か月前くらいから
34412,,2017-04-17 19:36:23.029280,1か月前くらいから、
34413,,2017-04-17 19:36:23.029532,1か月前位から、
34414,,2017-04-17 19:36:23.029800,1か月前頃から、
34415,,2017-04-17 19:36:23.030107,1か月近く前から
34417,,2017-04-17 19:36:23.030742,1ケ月くらい前から
34418,,2017-04-17 19:36:23.031157,1ヵ月ぐらい前から
34419,,2017-04-17 19:36:23.031469,1ヵ月前から
34420,,2017-04-17 19:36:23.031847,1ヵ月前から
34421,,2017-04-17 19:36:23.032184,1ヵ月前くらいから
34422,,2017-04-17 19:36:23.032609,1ヵ月程前から
34423,,,1ヶ月から
34424,,,1ヶ月から
34425,,,1ヶ月くらいから、
34426,,2017-04-17 19:36:23.033704,1ヶ月くらい前から
34427,,2017-04-17 19:36:23.034195,1ヶ月くらい前から、
34428,,2017-04-17 19:36:23.034648,1ヶ月くらい前に突き指をしてから
34429,,2017-04-17 19:36:23.034940,1ヶ月ほど前から
34430,,2017-04-17 19:36:23.035199,1ヶ月ほど前から
34431,,2017-04-17 19:36:23.035479,1ヶ月ほど前から
34432,,2017-04-17 19:36:23.035780,1ヶ月ほど前から
34433,,2017-04-17 19:36:23.036083,1ヶ月ほど前から
34434,,2017-04-17 19:36:23.036388,1ヶ月ほど前から
34435,,2017-04-17 19:36:23.036772,1ヶ月ほど前から
34436,,2017-04-17 19:36:23.037114,1ヶ月ほど前から
34437,,2017-04-17 19:36:23.037435,1ヶ月ほど前から
34438,,2017-04-17 19:36:23.037710,1ヶ月ほど前から、
34439,,2017-04-17 19:36:23.038015,1ヶ月ほど前から、
34440,,2017-04-17 19:36:23.038351,1ヶ月ほど前から、
34441,,2017-04-17 19:36:23.038620,1ヶ月ほど前から、
34442,,2017-04-17 19:36:23.038907,1ヶ月ほど前から、
34443,,2017-04-17 19:36:23.039209,1ヶ月位前から、
34444,,2017-04-17 19:36:23.039504,1ヶ月前から
34445,,2017-04-17 19:36:23.039803,1ヶ月前から
34446,,2017-04-17 19:36:23.040104,1ヶ月前から
34447,,2017-04-17 19:36:23.040401,1ヶ月前から
34448,,2017-04-17 19:36:23.040695,1ヶ月前から
34449,,2017-04-17 19:36:23.040990,1ヶ月前から、
34450,,2017-04-17 19:36:23.041284,1ヶ月前から、
34451,,2017-04-17 19:36:23.041582,1ヶ月前ぐらいから、
34452,,2017-04-17 19:36:23.041883,1ヶ月前より
34453,,2017-04-17 19:36:23.042183,1ヶ月程前から
34454,,2017-04-17 19:36:23.042478,1ヶ月程前から
34455,,2017-04-17 19:36:23.042773,1ヶ月程前から、
34456,,2017-04-17 19:36:23.043070,1ヶ月程前から、
34457,,,1周間ほど前から
34458,,2016-05-17 19:36:23.043596,1年くらい前から
34459,,2016-05-17 19:36:23.043893,1年くらい前から
34460,,2016-05-17 19:36:23.044236,1年くらい前から
34461,,2016-05-17 19:36:23.044547,1年くらい前から
34462,,2016-05-17 19:36:23.044864,1年くらい前から
34463,,2016-05-17 19:36:23.045166,1年くらい前から
34464,,2016-05-17 19:36:23.045480,1年くらい前から
34465,,2016-05-17 19:36:23.045785,1年くらい前から
34466,,2016-05-17 19:36:23.046103,1年くらい前から
34467,,2016-05-17 19:36:23.046405,1年くらい前から
34468,,2016-05-17 19:36:23.046720,1年くらい前から
34469,,2016-05-17 19:36:23.047021,1年くらい前から
34470,,2016-05-17 19:36:23.047336,1年くらい前から
34471,,2016-05-17 19:36:23.047637,1年くらい前から、
34472,,2016-05-17 19:36:23.047972,1年くらい前から、
34473,,2016-05-17 19:36:23.048387,1年ぐらい前から、
34474,,2016-05-17 19:36:23.048701,1年ぐらい前から、
34475,,2016-05-17 19:36:23.049011,1年ほど前から
34476,,2016-05-17 19:36:23.049367,1年ほど前から
34477,,2016-05-17 19:36:23.049649,1年ほど前から
34478,,2016-05-17 19:36:23.049942,1年ほど前から
34479,,2016-05-17 19:36:23.050250,1年ほど前から
34480,,2016-05-17 19:36:23.050548,1年ほど前から
34481,,2016-05-17 19:36:23.050882,1年ほど前から
34482,,2016-05-17 19:36:23.051200,1年ほど前から
34483,,2016-05-17 19:36:23.051541,1年ほど前から
34484,,2016-05-17 19:36:23.051856,1年ほど前から
34485,,2016-05-17 19:36:23.052157,1年ほど前から
34486,,2016-05-17 19:36:23.052511,1年ほど前から
34487,,2016-05-17 19:36:23.052812,1年ほど前から
34488,,2016-05-17 19:36:23.053110,1年ほど前から
34489,,2016-05-17 19:36:23.053406,1年ほど前から
34490,,2016-05-17 19:36:23.053703,1年ほど前から
34491,,2016-05-17 19:36:23.053998,1年ほど前から
34492,,2016-05-17 19:36:23.054290,1年ほど前から
34493,,2016-05-17 19:36:23.054617,1年ほど前から
34494,,2016-05-17 19:36:23.054893,1年ほど前から
34495,,2016-05-17 19:36:23.055178,1年ほど前から
34496,,2016-05-17 19:36:23.055474,1年ほど前から
34497,,2016-05-17 19:36:23.055805,1年ほど前から
34498,,2016-05-17 19:36:23.056313,1年ほど前から
34499,,2016-05-17 19:36:23.057114,1年ほど前から
34500,,2016-05-17 19:36:23.057865,1年ほど前から
34501,,2016-05-17 19:36:23.058472,1年ほど前から
34502,,2016-05-17 19:36:23.058818,1年ほど前から
34503,,2016-05-17 19:36:23.059180,1年ほど前から
34504,,2016-05-17 19:36:23.059529,1年ほど前から、
34505,,2016-05-17 19:36:23.059874,1年ほど前から、
34506,,2016-05-17 19:36:23.060178,1年ほど前から、
34507,,2016-05-17 19:36:23.060482,1年ほど前から、
34508,,2016-05-17 19:36:23.060788,1年ほど前から、
34509,,2016-05-17 19:36:23.061091,1年ほど前から、
34510,,2016-05-17 19:36:23.061395,1年ほど前から、
34511,,2016-05-17 19:36:23.061698,1年ほど前から、
34512,,2016-05-17 19:36:23.061997,1年ほど前に現在の事務仕事に転職してから、
34513,,2016-05-17 19:36:23.062308,1年以上前から
34514,,2016-05-17 19:36:23.062666,1年以上前から
34516,,2016-05-17 19:36:23.063039,1年位前から
34517,,2016-05-17 19:36:23.063326,1年位前より
34518,,2016-05-17 19:36:23.063622,1年前から
34519,,2016-05-17 19:36:23.063917,1年前から
34520,,2016-05-17 19:36:23.064251,1年前から
34521,,2016-05-17 19:36:23.064512,1年前から
34522,,2016-05-17 19:36:23.064801,1年前から
34523,,2016-05-17 19:36:23.065101,1年前から
34524,,2016-05-17 19:36:23.065395,1年前から
34525,,2016-05-17 19:36:23.065689,1年前から
34526,,2016-05-17 19:36:23.065983,1年前から
34527,,2016-05-17 19:36:23.066275,1年前から
34528,,2016-05-17 19:36:23.066571,1年前から
34529,,2016-05-17 19:36:23.066867,1年前から
34530,,2016-05-17 19:36:23.067161,1年前から
34532,,2016-05-17 19:36:23.067544,1年前から
34533,,2016-05-17 19:36:23.067905,1年前から
34534,,2016-05-17 19:36:23.068302,1年前から
34535,,2016-05-17 19:36:23.068775,1年前くらいから
34536,,2016-05-17 19:36:23.069708,1年前くらいから
34537,,2016-05-17 19:36:23.070412,1年前くらいから
34538,,2016-05-17 19:36:23.070858,1年前くらいから
34539,,2016-05-17 19:36:23.071278,1年前くらいから
34540,,2016-05-17 19:36:23.071721,1年前くらいから、
34541,,2016-05-17 19:36:23.072126,1年前くらいから、
34542,,2016-05-17 19:36:23.072510,1年前ぐらいから
34544,,2016-05-17 19:36:23.073006,1年前位から
34545,,2016-05-17 19:36:23.073374,1年半ほど前から
34546,,2016-05-17 19:36:23.073747,1年半前から
34547,,2016-05-17 19:36:23.074142,1年半前から
34548,,2016-05-17 19:36:23.074464,1年半前くらいから、
34549,,2016-05-17 19:36:23.074707,1年半前の産後から
34550,,2016-05-17 19:36:23.074931,1年程前から
34551,,2016-05-17 19:36:23.075154,1年程前から
34552,,2016-05-17 19:36:23.075378,1年程前から
34553,,2016-05-17 19:36:23.075591,1年程前から
34554,,2016-05-17 19:36:23.075809,1年程前から
34555,,2016-05-17 19:36:23.076028,1年程前から
34556,,2016-05-17 19:36:23.076238,1年程前から
34557,,2016-05-17 19:36:23.076456,1年程前から
34558,,2016-05-17 19:36:23.076674,1年程前から
34559,,2016-05-17 19:36:23.076886,1年程前から、
34560,,2017-05-01 19:36:23.077103,1日3錠から
34561,13,2017-05-01 12:36:23.077307,1日中布団から
34562,,2017-05-16 19:36:23.077540,1日前から、
34563,,2017-05-01 19:36:23.077769,1日目の後半から
34564,,2017-05-17 01:36:23.077966,1時間から
34565,,2017-05-17 01:36:23.078159,1時間から
34567,,2017-01-17 19:36:23.078425,1月あたりから
34568,,2017-01-17 19:36:23.078726,1月から
34569,,2017-01-17 19:36:23.078938,1月から
34570,,2017-01-17 19:36:23.079166,1月から
34571,,2017-01-17 19:36:23.079537,1月ころから、
34572,13,2017-01-17 19:36:23.079921,1月中旬ごろから、
34573,13,2017-01-17 19:36:23.080299,1月中旬より、
34574,,2017-01-17 19:36:23.080648,1月初旬から、
34575,,2017-01-17 19:36:23.081001,1月前から
34576,,2017-01-17 19:36:23.081402,1月半ばから
34577,,2017-01-17 19:36:23.081759,1月半ばから
34578,,2017-01-17 19:36:23.082116,1月半ばくらいから
34579,,2017-01-17 19:36:23.082480,1月程前から、
34580,,2017-01-17 19:36:23.082883,1月頃から
34581,,2017-01-17 19:36:23.083242,1月頃から、
34582,1,,1歳あたりから
34583,1,,1歳ぐらいの頃から
34584,1,,1歳の頃より
34585,1,,1歳半から
34586,1,2017-11-17 19:36:23.084702,1歳半の娘が、去年の11月に保育園に入園してから
34587,,,1週刊前から
34589,,2017-05-10 19:36:23.085508,1週間くらい前から
34590,,2017-05-10 19:36:23.085855,1週間くらい前から
34591,,2017-05-10 19:36:23.086105,1週間ぐらい前から
34592,,2017-05-10 19:36:23.086340,1週間ぐらい前から、
34593,,2017-05-10 19:36:23.086557,1週間ほど前から
34594,,2017-05-10 19:36:23.086786,1週間ほど前から
34595,,2017-05-10 19:36:23.087011,1週間ほど前から
34596,,2017-05-10 19:36:23.087236,1週間ほど前から
34597,,2017-05-10 19:36:23.087450,1週間ほど前から
34598,,2017-05-10 19:36:23.087674,1週間ほど前から
34599,,2017-05-10 19:36:23.088107,1週間ほど前から
34600,,2017-05-10 19:36:23.088651,1週間ほど前から
34601,,2017-05-10 19:36:23.088912,1週間ほど前から
34602,,2017-05-10 19:36:23.089130,1週間ほど前から、
34603,,2017-05-10 19:36:23.089378,1週間ほど前から、
34604,,2017-05-10 19:36:23.089600,1週間前から
34605,,2017-05-10 19:36:23.089809,1週間前から
34606,,2017-05-10 19:36:23.090015,1週間前から
34607,,2017-05-10 19:36:23.090221,1週間前から
34608,,2017-05-10 19:36:23.090427,1週間前から
34609,,2017-05-10 19:36:23.090633,1週間前から
34610,,2017-05-10 19:36:23.090838,1週間前から
34611,,2017-05-10 19:36:23.091043,1週間前から
34612,,2017-05-10 19:36:23.091246,1週間前から
34613,,2017-05-10 19:36:23.091450,1週間前から
34614,,2017-05-10 19:36:23.091653,1週間前から
34615,,2017-05-10 19:36:23.091857,1週間前から
34616,,2017-05-10 19:36:23.092060,1週間前から
34617,,2017-05-10 19:36:23.092266,1週間前から、
34618,,2017-05-10 19:36:23.092471,1週間前くらいから
34619,,2017-05-10 19:36:23.092680,1週間前ぐらいから
34620,,2017-05-10 19:36:23.092889,1週間前程から
34621,,2017-05-10 19:36:23.093095,1週間程前から
34622,,2017-05-10 19:36:23.093300,1週間程前から
34623,,2017-05-10 19:36:23.093504,1週間程前から
34624,,,1６週頃から
34625,,2017-03-17 19:36:23.093857,1～2ヶ月前から
34626,,2017-02-17 19:36:23.094184,"2,3ヶ月前から"
34627,,2014-05-17 19:36:23.094422,"2,3年前あたりから、"
34628,,2014-05-17 19:36:23.094644,"2,3年前から"
34629,,2014-05-17 19:36:23.094858,"2,3年前から"
34630,,2014-05-17 19:36:23.095067,"2,3年前から"
34631,,2014-05-17 19:36:23.095274,"2,3年前くらいから"
34632,,2014-05-17 19:36:23.095486,"2,3年前ほどから"
34633,,2017-05-14 19:36:23.095703,"2,3日前から、"
34634,,2017-02-17 19:36:23.095913,2-3ヶ月前から、
34635,,2017-02-17 19:36:23.096126,2-3ヶ月程前より
34636,,,2.0から、
34637,,2017-02-17 19:36:23.096487,2.3ヶ月前から
34638,,2014-05-17 19:36:23.096699,2.3年ほど前から
34639,,2014-05-17 19:36:23.096907,2.3年前から
34640,,2017-05-14 19:36:23.097112,2.3日前から
34641,,2017-02-03 19:36:23.097317,2/3(金)より
34642,,2005-07-17 19:36:23.097499,2005年夏頃から
34643,,2006-05-17 19:36:23.097744,2006年から
34644,,2010-05-17 19:36:23.097956,2010年頃より
34645,,2012-05-17 19:36:23.098168,2012年頃から、
34646,,2013-05-17 19:36:23.098380,2013年から
34647,,2013-05-17 19:36:23.098586,2013年から
34648,,2014-05-17 19:36:23.098792,2014年頃から
34649,,,2015.10〜/夫の精子をのどに受けてから
34651,,2015-02-17 19:36:23.099241,2015年2月頃から
34652,,2015-07-17 19:36:23.099511,2015年、夏頃から
34653,,2015-05-17 19:36:23.099726,2015年の5月くらいから
34654,14,2015-05-17 19:36:23.099972,2015年中頃から
34655,,2016-11-17 19:36:23.100183,2016年11月より
34656,,2016-12-05 19:36:23.100419,2016年12月5日の起床時から
34657,,2016-12-17 19:36:23.100676,2016年12月から
34658,,2016-01-17 19:36:23.100911,2016年1月頃より
34659,,2016-04-17 19:36:23.101146,2016年4月ごろより
34660,,2016-11-17 19:36:23.101381,2016年の11月ごろから、
34661,,2016-06-17 19:36:23.101624,2016年の6月ごろから
34662,,2016-10-17 19:36:23.101860,2016年の約秋頃から、
34663,,2016-04-17 19:36:23.102075,2016年春頃より、
34664,,2016-05-17 19:36:23.102288,2016年暮れ頃から、
34665,,2016-10-17 19:36:23.102500,2016年秋頃から、
34666,,2017-01-17 19:36:23.102712,2017年1月あたりから、
34667,,2017-01-17 19:36:23.102950,2017年1月の終わり頃から
34668,,2017-01-17 19:36:23.103187,2017年1月頃から
34669,,2017-05-17 19:36:23.103422,2017年の今年に入ってから、
34670,,2017-01-17 19:36:23.103644,2017年１月から
34671,,2017-01-17 19:36:23.103878,2017年１月から
34672,,,20:00頃から
34673,,,20を過ぎてから、
34674,,,20ミリから
34675,25,,20代から
34676,25,,20代から
34677,25,,20代から
34679,23,,20代の前半頃から
34680,25,,20代の女です
34682,25,,20代の頃から
34683,25,,20代を超えてから
34684,23,,20代前半から
34685,23,,20代前半から、
34686,25,,20代半ば頃から
34687,28,,20代後半から
34688,28,,20代後半から
34689,28,,20代後半から
34691,28,,20代後半になってから、
34692,25,,20代過ぎから
34693,,1997-05-17 19:36:23.107469,20年ほど前から
34694,,1997-05-17 19:36:23.107803,20年ほど前から
34695,,1997-05-17 19:36:23.108054,20年以上前から
34696,,1997-05-17 19:36:23.108381,20年以上前から、
34697,,1997-05-17 19:36:23.108683,20年前から
34698,,1997-05-17 19:36:23.109028,20年前から
34699,,1997-05-17 19:36:23.109330,20年前より
34700,20,,20歳から
34701,20,,20歳くらいから
34702,20,,20歳になってから
34703,20,,20歳の頃から
34704,20,,20歳を超えた頃から
34705,20,,20歳を過ぎた頃から、
34706,20,,20歳を過ぎてから
34707,20,,20歳前後から
34708,20,,20歳頃から
34709,20,,20歳頃から、
34710,,2017-05-21 19:36:23.112507,21日から
34711,22,,22歳頃から
34712,23,,23才になった頃から、
34713,23,,23歳ごろから
34714,23,,23歳男です
34715,24,2016-11-17 19:36:23.114052,24歳男性半年前から
34716,24,,24歳頃から
34717,,1992-05-17 19:36:23.115005,25年くらい前から
34718,25,,25歳くらいから
34719,25,,25歳頃から
34720,29,,29歳女
34721,,2014-05-17 19:36:23.117370,2、3年前から
34722,,2014-05-17 19:36:23.117751,2、3年前から、
34723,,2017-05-14 19:36:23.118123,2、3日前から
34724,,2017-05-14 19:36:23.118577,2、3日曜前から、
34725,,2017-02-17 19:36:23.118918,2〜3ヶ月前から、
34726,,2014-05-17 19:36:23.119350,2〜3年ほど前から
34727,,2014-05-17 19:36:23.119666,2〜3年前から
34728,,2014-05-17 19:36:23.119970,2〜3年前から、
34729,,2014-05-17 19:36:23.120287,2〜3年前から、
34730,,2014-05-17 19:36:23.120594,2〜3年程前から、
34731,,2017-05-14 19:36:23.120919,2〜3日前から
34732,,2017-05-14 19:36:23.121224,2〜3日前から、
34733,,2017-04-26 19:36:23.121548,2〜3週間くらい前から、
34734,,2017-04-26 19:36:23.121854,2〜3週間ほど前から
34735,,2017-04-26 19:36:23.122173,2〜3週間前から、
34736,,2017-03-17 19:36:23.122477,2か月ぐらい前から
34737,,,2か月ごろから
34738,,2017-03-17 19:36:23.123234,2か月ほど前から、
34739,,2017-03-17 19:36:23.123857,2か月以上前から
34740,,2017-03-17 19:36:23.124360,2か月前から
34741,,2017-03-07 19:36:23.124954,2か月前から10日間ぐらい続いてから
34742,,2017-03-17 19:36:23.125490,2か月程前から
34743,,2017-03-17 19:36:23.125840,2か月程前から
34744,,,2カ月ほど前から、
34745,,,2カ月ほど前から、
34746,,,2カ月前から
34748,,2017-03-17 19:36:23.126942,2ケ月ほど前から
34749,,2017-03-17 19:36:23.127245,2ヵ月くらい前から
34750,,,2ヶ月から
34751,,2017-03-17 19:36:23.127775,2ヶ月くらい前から
34752,,,2ヶ月ぐらいの頃から、
34753,,2017-03-17 19:36:23.128362,2ヶ月ぐらい前から
34754,,2017-03-17 19:36:23.128707,2ヶ月ほど前から
34755,,2017-03-17 19:36:23.129020,2ヶ月ほど前から
34756,,2017-03-17 19:36:23.129347,2ヶ月ほど前から
34757,,2017-03-17 19:36:23.129638,2ヶ月ほど前から
34758,,2017-03-17 19:36:23.129935,2ヶ月ほど前から
34759,,2017-03-17 19:36:23.130233,2ヶ月ほど前から
34760,,2017-03-17 19:36:23.130534,2ヶ月ほど前から、
34761,,2017-03-17 19:36:23.130837,2ヶ月ほど前から、
34762,,2017-03-17 19:36:23.131137,2ヶ月ほど前から、
34763,,2017-03-17 19:36:23.131434,2ヶ月ほど前から、
34764,,2017-03-17 19:36:23.131732,2ヶ月ほど前から、
34765,,2017-03-17 19:36:23.132062,2ヶ月ほど前より、
34766,,2017-03-17 19:36:23.132389,2ヶ月前から
34767,,2017-03-17 19:36:23.132670,2ヶ月前から
34768,,2017-03-17 19:36:23.132954,2ヶ月前から
34769,,2017-03-17 19:36:23.133250,2ヶ月前から
34770,,2017-03-17 19:36:23.133545,2ヶ月前から
34771,,2017-03-17 19:36:23.133839,2ヶ月前から
34773,,2017-03-17 19:36:23.134232,2ヶ月程前から
34774,,2017-03-17 19:36:23.134534,2ヶ月程前から
34775,,2017-03-17 19:36:23.134837,2ヶ月程前から
34776,,2017-03-17 19:36:23.135133,2ヶ月程前から
34777,,2017-03-17 19:36:23.135430,2ヶ月程前から、
34778,,,2回サラ金から
34779,,,2回目の投与後から
34780,,2015-05-17 19:36:23.136180,2年くらい前から
34781,,2015-05-17 19:36:23.136485,2年くらい前から
34782,,2015-05-17 19:36:23.136779,2年くらい前から
34783,,2015-05-17 19:36:23.137076,2年くらい前から
34784,,2015-05-17 19:36:23.137400,2年くらい前から
34785,,2015-05-17 19:36:23.137694,2年くらい前から
34786,,2015-05-17 19:36:23.138005,2年くらい前から
34787,,2015-05-17 19:36:23.138311,2年くらい前から、
34788,,2015-05-17 19:36:23.138611,2年くらい前から、
34789,,2015-05-17 19:36:23.138911,2年くらい前から、
34790,,2015-05-17 19:36:23.139169,2年くらい前から、
34791,,2015-05-17 19:36:23.139453,2年ほど前から
34792,,2015-05-17 19:36:23.139750,2年ほど前から
34793,,2015-05-17 19:36:23.140044,2年ほど前から
34794,,2015-05-17 19:36:23.140337,2年ほど前から
34795,,2015-05-17 19:36:23.140631,2年ほど前から
34796,,2015-05-17 19:36:23.140927,2年ほど前から
34797,,2015-05-17 19:36:23.141225,2年ほど前から
34798,,2015-05-17 19:36:23.141523,2年ほど前から
34799,,2015-05-17 19:36:23.141819,2年ほど前から
34800,,2015-05-17 19:36:23.142113,2年ほど前から
34801,,2015-05-17 19:36:23.142407,2年ほど前から
34802,,2015-05-17 19:36:23.142700,2年ほど前から
34803,,2015-05-17 19:36:23.142993,2年ほど前から
34804,,2015-05-17 19:36:23.143292,2年ほど前から
34805,,2015-05-17 19:36:23.143589,2年ほど前から
34806,,2015-05-17 19:36:23.143883,2年ほど前から
34807,,2015-05-17 19:36:23.144216,2年ほど前から
34808,,2015-05-17 19:36:23.144479,2年ほど前から
34809,,2015-05-17 19:36:23.144761,2年ほど前から
34810,,2015-05-17 19:36:23.145062,2年ほど前から
34811,,2015-05-17 19:36:23.145362,2年ほど前から
34812,,2015-05-17 19:36:23.145660,2年ほど前から、
34813,,2015-05-17 19:36:23.145955,2年ほど前から、
34814,,2015-05-17 19:36:23.146253,2年ほど前から、
34815,,2015-05-17 19:36:23.146582,2年ほど前から、
34816,,2015-05-17 19:36:23.146879,2年ほど前から、
34817,,2015-05-17 19:36:23.147182,2年ほど前から、
34818,,2015-05-17 19:36:23.147482,2年ほど前から、
34819,,2015-05-17 19:36:23.147824,2年ほど前から、
34820,,2015-05-17 19:36:23.148139,2年ほど前から、
34821,,2015-05-17 19:36:23.148459,2年ほど前から、
34822,,2015-05-17 19:36:23.148761,2年ほど前から、
34823,,2015-05-17 19:36:23.149079,2年ほど前から、
34824,,2015-05-17 19:36:23.149385,2年ほど前から、
34825,,2015-05-17 19:36:23.149714,2年ほど前より、
34826,,2015-05-17 19:36:23.150119,2年位前から、
34827,,2015-05-17 19:36:23.150424,2年前から
34828,,2015-05-17 19:36:23.150727,2年前から
34829,,2015-05-17 19:36:23.151035,2年前から
34830,,2015-05-17 19:36:23.151424,2年前から
34831,,2015-05-17 19:36:23.151802,2年前から
34832,,2015-05-17 19:36:23.152287,2年前から
34833,,2015-05-17 19:36:23.152892,2年前から
34834,,2015-05-17 19:36:23.153439,2年前から
34835,,2015-05-17 19:36:23.153821,2年前から
34836,,2015-05-17 19:36:23.154057,2年前から
34837,,2015-05-17 19:36:23.154279,2年前から
34838,,2015-05-17 19:36:23.154504,2年前から
34839,,2015-05-17 19:36:23.154717,2年前くらいから
34840,,2015-05-17 19:36:23.154944,2年前くらいから
34841,,2015-05-17 19:36:23.155157,2年前くらいから、
34842,,2015-05-17 19:36:23.155372,2年前ぐらいから
34843,,2015-05-17 19:36:23.155638,2年前ぐらいから
34844,,2015-07-17 19:36:23.156253,2年前の夏頃から
34845,,2015-05-17 19:36:23.156624,2年前ほどから
34847,,2015-05-17 19:36:23.157034,2年前位から、
34848,,2015-05-17 19:36:23.157325,2年前位から、
34849,,2015-05-17 19:36:23.157663,2年前程から
34850,,2015-05-17 19:36:23.157990,2年前程より、
34851,,2015-05-17 19:36:23.158231,2年前？の頃から
34852,,2015-05-17 19:36:23.158457,2年半ほど前から
34853,,2015-05-17 19:36:23.158684,2年半前から
34854,,2015-05-17 19:36:23.158901,2年半前くらいに子育てを始めだしてから
34855,,2015-05-17 19:36:23.159137,2年程前から
34856,,2015-05-17 19:36:23.159357,2年程前から
34857,,2015-05-17 19:36:23.159568,2年程前から
34858,,2015-05-17 19:36:23.159786,2年程前から
34859,,2015-05-17 19:36:23.160003,2年程前から
34860,,2015-05-17 19:36:23.160216,2年程前から
34861,,2015-05-17 19:36:23.160435,2年程前から
34862,,2015-05-17 19:36:23.160654,2年程前から、
34863,,,2度ほどきてから
34864,,2017-05-15 19:36:23.161029,2日くらい前から
34866,,2017-05-17 02:36:23.161325,2時から
34867,,2017-05-17 02:36:23.161514,2時間から
34868,,2017-05-17 02:36:23.161709,2時間後位から
34869,,2017-02-10 19:36:23.161899,2月10日から
34870,,2017-02-11 19:36:23.162131,2月11日ごろから
34871,,2017-02-23 19:36:23.162359,2月23日から
34872,,2017-02-02 12:36:23.162575,2月2日のお昼頃から
34873,,2017-02-17 19:36:23.162797,2月から
34874,,2017-02-17 19:36:23.163181,2月から
34875,,2017-02-17 19:36:23.163540,2月に入ってから
34876,,2017-02-17 19:36:23.163901,2月上旬から
34877,,2017-02-17 19:36:23.164259,2月下旬から
34878,,2017-02-17 19:36:23.164614,2月下旬から
34879,2,,2歳から
34880,2,,2歳のころから、
34881,2,,2歳の頃から
34882,2,,2歳半の娘は保育園に通うようになってから
34883,2,,2歳過ぎた頃から、
34884,2,,2歳頃から
34885,2,,2歳頃から、
34886,,,2週間から
34887,,,2週間から
34888,,2017-05-03 19:36:23.167477,2週間くらい前から
34889,,2017-05-03 19:36:23.167871,2週間くらい前から、
34890,,2017-05-03 19:36:23.168299,2週間ぐらい前から
34891,,2017-05-03 19:36:23.168552,2週間ほど前から
34892,,2017-05-03 19:36:23.168781,2週間ほど前から
34893,,2017-05-03 19:36:23.168995,2週間ほど前から
34894,,2017-05-03 19:36:23.169219,2週間ほど前から
34895,,2017-05-03 19:36:23.169441,2週間ほど前から
34896,,2017-05-03 19:36:23.169658,2週間ほど前から
34897,,2017-05-03 19:36:23.169879,2週間ほど前から
34898,,2017-05-03 19:36:23.170128,2週間ほど前から
34899,,2017-05-03 19:36:23.170355,2週間ほど前から
34900,,2017-05-03 19:36:23.170743,2週間ほど前から
34901,,2017-05-03 19:36:23.171125,2週間ほど前から
34902,,2017-05-03 19:36:23.171483,2週間ほど前から
34903,,2017-05-03 19:36:23.171717,2週間ほど前から
34904,,2017-05-03 19:36:23.171947,2週間ほど前から
34905,,2017-05-03 19:36:23.172174,2週間ほど前から
34906,,2017-05-03 19:36:23.172387,2週間ほど前から
34907,,2017-05-03 19:36:23.172610,2週間ほど前から、
34908,,2017-05-03 19:36:23.172857,2週間ほど前から、
34909,,2017-05-03 19:36:23.173087,2週間ほど前から、
34910,,2017-05-03 19:36:23.173305,2週間ほど前より
34911,,2017-05-03 19:36:23.173534,2週間前から
34912,,2017-05-03 19:36:23.173743,2週間前から
34913,,2017-05-03 19:36:23.173977,2週間前から
34914,,2017-05-03 19:36:23.174299,2週間前から
34915,,2017-05-03 19:36:23.174541,2週間前から、
34916,,2017-05-03 19:36:23.174752,2週間前から、
34917,,2017-05-03 19:36:23.174961,2週間前くらいから
34918,,2017-05-03 19:36:23.175170,2週間前くらいから
34919,,2017-05-03 19:36:23.175381,2週間前くらいから
34920,,2017-05-03 19:36:23.175592,2週間前ぐらいから
34921,,2017-05-03 19:36:23.175803,2週間前上司に仕事に対する姿勢を怒られてから、
34922,,2017-05-03 19:36:23.176027,2週間程前から
34923,,2017-05-03 19:36:23.176234,2週間程前から
34924,,2017-05-03 19:36:23.176441,2週間程前から、
34925,,2017-05-14 19:36:23.176647,2，3日ほど前から
34926,,2014-05-17 19:36:23.176873,2～3年前から
34927,,2014-05-17 19:36:23.177102,2～3年前から
34928,,2014-05-17 19:36:23.177313,2～3年前くらいから
34929,,2017-05-14 19:36:23.177525,2～3日前から
34930,,2017-05-14 19:36:23.177732,2～3日前から、
34931,,2017-04-26 19:36:23.177940,2～3週間前から
34932,,2017-04-26 19:36:23.178150,2～3週間前から
34933,,2013-05-17 19:36:23.178360,3-4年前から
34934,35,,30代から
34935,35,,30代になった頃から、
34936,35,,30代になってから
34937,35,,30代になってから
34938,35,,30代になってから
34939,35,,30代になってから、
34940,35,,30代に入ってから、
34941,35,,30代の時から
34942,35,,30代より
34943,35,,30代半ば頃から、
34944,38,,30代後半から、
34945,,,30分から
34946,,1987-05-17 19:36:23.180388,30年位前から
34947,30,,30才で25才頃から、
34948,,2017-05-30 19:36:23.180755,30日から
34949,,2017-05-30 19:36:23.180941,30日から
34950,,2017-05-30 19:36:23.181130,30日から
34951,30,2015-05-17 19:36:23.181398,30歳で二年前くらいから
34952,30,,30歳を過ぎてから、
34953,30,,30歳を過ぎてから、
34954,32,,32歳で下の子を出産してから、
34955,33,,33歳を超えたころから、
34956,,,35度台から
34957,,,36.4℃ぐらいから
34958,,,36週あたりから
34959,,,37.0度から
34960,,,37.0度から
34961,37,2016-05-17 19:36:23.183111,37歳男性　1年くらい前から
34962,,,38度５分から
34963,,,38週から
34964,,2013-05-17 19:36:23.183629,3~4年前から
34965,,2013-05-17 19:36:23.183842,3、4年くらい前から、
34966,,2013-05-17 19:36:23.184058,3〜4年前から
34967,,2013-05-17 19:36:23.184267,3〜4年前から、
34969,,,3から
34970,,,3から
34972,,2017-02-17 19:36:23.184899,3か月くらい前から
34973,,2017-02-17 19:36:23.185115,3か月くらい前から、
34974,,2017-02-17 19:36:23.185329,3か月前から
34975,,2017-02-17 19:36:23.185601,3か月前から
34976,,2017-02-17 19:36:23.185830,3か月前から
34977,,,3カ月ほど前から
34978,,,3カ月前から
34979,,,3カ月前より
34980,,,3キロほど減り、悪阻が終わってから
34981,,2016-11-17 19:36:23.186632,3ヶ月〜半年前より
34982,,,3ヶ月から
34983,,2017-02-17 19:36:23.187004,3ヶ月くらい前から
34984,,2017-02-17 19:36:23.187217,3ヶ月くらい前から、
34985,,2017-02-17 19:36:23.187430,3ヶ月ほど前から
34986,,2017-02-17 19:36:23.187674,3ヶ月ほど前から
34987,,2017-02-17 19:36:23.187889,3ヶ月ほど前から
34988,,2017-02-17 19:36:23.188101,3ヶ月ほど前から
34990,,2017-02-17 19:36:23.188402,3ヶ月ほど前から
34991,,2017-02-17 19:36:23.188616,3ヶ月ほど前から、
34992,,2017-02-17 19:36:23.188828,3ヶ月ほど前から、
34993,,2017-02-17 19:36:23.189039,3ヶ月ほど前から、
34994,,2017-02-17 19:36:23.189250,3ヶ月位前から
34995,,2017-02-17 19:36:23.189578,3ヶ月前から
34996,,2017-02-17 19:36:23.189928,3ヶ月前から
34997,,2017-02-17 19:36:23.190313,3ヶ月前から
34998,,2017-02-17 19:36:23.190639,3ヶ月前から
34999,,2017-02-17 19:36:23.190988,3ヶ月前から
35000,,2017-02-17 19:36:23.191348,3ヶ月前から
35001,,2017-02-17 19:36:23.191835,3ヶ月前から
35002,,2017-02-17 19:36:23.192156,3ヶ月前から
35004,,2017-02-17 19:36:23.192530,3ヶ月前から
35005,,2017-02-17 19:36:23.192794,3ヶ月前から
35006,,2017-11-17 19:36:23.193074,3ヶ月前の11月頃から
35007,,2017-02-17 19:36:23.193484,3ヶ月前辺りから
35008,,2017-02-17 19:36:23.193823,3ヶ月程前から
35009,,2017-02-17 19:36:23.194250,3ヶ月程前から、
35010,,2014-05-17 19:36:23.194660,3年くらい前から
35011,,2014-05-17 19:36:23.194909,3年くらい前から
35012,,2014-05-17 19:36:23.195184,3年くらい前から、
35013,,2014-05-17 19:36:23.195424,3年くらい前から、
35014,,2014-05-17 19:36:23.195689,3年くらい前から、
35015,,2014-05-17 19:36:23.195950,3年ほど前から
35016,,2014-05-17 19:36:23.196196,3年ほど前から
35017,,2014-05-17 19:36:23.196436,3年ほど前から
35018,,2014-05-17 19:36:23.196673,3年ほど前から
35019,,2014-05-17 19:36:23.196912,3年ほど前から
35020,,2014-05-17 19:36:23.197140,3年ほど前から
35021,,2014-05-17 19:36:23.197417,3年ほど前から
35022,,2014-05-17 19:36:23.197660,3年ほど前から
35023,,2014-05-17 19:36:23.197937,3年ほど前から
35024,,2014-05-17 19:36:23.198188,3年ほど前から
35025,,2014-05-17 19:36:23.198473,3年ほど前から
35026,,2014-05-17 19:36:23.198724,3年ほど前から
35027,,2014-05-17 19:36:23.199006,3年ほど前から
35028,,2014-05-17 19:36:23.199251,3年ほど前から
35029,,2014-05-17 19:36:23.199615,3年ほど前から、
35030,,2014-05-17 19:36:23.199927,3年ほど前から、
35031,,2014-05-17 19:36:23.200415,3年ほど前から、
35032,,2014-05-17 19:36:23.200882,3年ほど前から、
35033,,2014-05-17 19:36:23.201429,3年ほど前から、
35034,,2014-05-17 19:36:23.201733,3年ほど前から、
35035,,2014-05-17 19:36:23.202049,3年位前から、
35036,,2014-05-17 19:36:23.202351,3年前から
35037,,2014-05-17 19:36:23.202667,3年前から
35038,,2014-05-17 19:36:23.202967,3年前から
35039,,2014-05-17 19:36:23.203278,3年前から
35040,,2014-05-17 19:36:23.203578,3年前から
35041,,2014-05-17 19:36:23.203909,3年前から
35042,,2014-05-17 19:36:23.204226,3年前から
35043,,2014-05-17 19:36:23.204498,3年前から
35044,,2014-05-17 19:36:23.204787,3年前から
35045,,2014-05-17 19:36:23.205084,3年前から
35046,,2014-05-17 19:36:23.205399,3年前から
35047,,2014-05-17 19:36:23.205717,3年前から
35048,,2014-05-17 19:36:23.206017,3年前から
35049,,2014-05-17 19:36:23.206326,3年前から
35050,,2014-05-17 19:36:23.206626,3年前から
35051,,2014-05-17 19:36:23.206937,3年前から
35052,,2014-05-17 19:36:23.207237,3年前くらいから
35053,,2014-05-17 19:36:23.207554,3年前くらいから
35054,,2014-05-17 19:36:23.207880,3年前くらいから
35055,,2014-05-17 19:36:23.208193,3年前くらいから
35056,,2014-05-17 19:36:23.208492,3年前ぐらいから
35057,,2014-05-17 19:36:23.208787,3年前ぐらいから
35058,,2014-05-17 19:36:23.209083,3年前ほどから
35059,,2014-05-17 19:36:23.209376,3年前より
35060,,0003-05-17 19:36:23.209672,3年生になってから
35061,,2014-05-17 19:36:23.209950,3年程前から
35062,,2014-05-17 19:36:23.210246,3年程前から
35063,,2014-05-17 19:36:23.210542,3年程前から
35064,,2014-05-17 19:36:23.210864,3年程前から
35065,,2014-05-17 19:36:23.211158,3年程前から
35066,,2014-05-17 19:36:23.211452,3年程前から
35068,,2017-05-14 19:36:23.211840,3日くらい前から
35069,,2017-05-14 19:36:23.212190,3日くらい前から
35070,,2017-05-14 19:36:23.212589,3日ほど前から
35071,,2017-05-14 19:36:23.212892,3日ほど前から
35072,,2017-05-14 19:36:23.213160,3日ほど前から
35073,,2017-05-14 19:36:23.213439,3日ほど前から
35074,,2017-05-14 19:36:23.213735,3日ほど前から、
35075,,2017-05-14 19:36:23.214035,3日前から
35076,,2017-05-14 19:36:23.214385,3日前から
35077,,2017-05-14 19:36:23.214693,3日前から
35078,,2017-05-14 19:36:23.215008,3日前から
35079,,2017-05-14 19:36:23.215308,3日前から
35080,,2017-05-14 19:36:23.215622,3日前から、
35081,,2017-05-14 19:36:23.215922,3日前から、
35082,,2017-05-14 19:36:23.216241,3日前から、
35083,,2017-05-14 19:36:23.216543,3日前くらいから、
35084,,2017-05-14 19:36:23.216860,3日前ぐらいから
35085,,2017-05-14 19:36:23.217162,3日前ぐらいから、
35086,,2017-05-14 19:36:23.217477,3日前ほどから、
35088,,2017-03-01 19:36:23.217906,3月1日から
35089,,2017-03-01 19:36:23.218201,3月1日から
35090,,2017-03-17 19:36:23.218514,3月から肉芽のようなものができてしまい、治療などしているのですが
35091,,2017-03-17 19:36:23.219388,3月くらいから
35092,,2017-03-17 19:36:23.219688,3月の上旬頃から、
35093,,2017-03-17 19:36:23.219977,3月より
35094,,2017-03-17 19:36:23.220271,3月末から
35095,3,,3歳ごろから、
35096,3,,3歳になった頃から
35097,3,,3歳のころから
35098,3,,3歳の頃から
35099,3,,3歳頃から
35100,,2017-04-26 19:36:23.221780,3週間ほど前から
35101,,2017-04-26 19:36:23.222093,3週間ほど前より、
35102,,2017-04-26 19:36:23.222412,3週間前から、
35103,,2017-04-26 19:36:23.222774,3週間前くらいから、
35104,,2017-01-17 19:36:23.223264,3～4ヵ月前から
35105,,2013-05-17 19:36:23.223854,3～4年ほど前から
35106,,2013-05-17 19:36:23.224448,3～4年前から
35107,,2017-05-13 19:36:23.225001,3～4日前から
35108,,2012-05-17 19:36:23.225441,4.5年ほど前より、
35109,,2012-05-17 19:36:23.225774,4.5年前から、
35110,,2017-04-26 19:36:23.226055,4/26から
35111,45,,40代になってから
35112,45,,40代を過ぎた頃から、
35113,,2017-05-17 19:36:23.226806,40日から
35114,40,,40歳になったころから、
35116,40,,40歳を過ぎたころから、
35117,40,,40歳を過ぎてから、
35118,40,,40歳を過ぎてから、
35119,48,,40歳代後半頃から
35120,41,,41歳の頃から
35121,,,45kg代から
35122,45,,45歳を超えてから
35123,47,,47歳主婦です
35124,,2012-05-17 19:36:23.229403,4〜5年前から
35125,,2017-01-17 19:36:23.229710,4か月ほど前から
35126,,2017-01-17 19:36:23.230013,4か月前から
35128,,2017-01-17 19:36:23.230403,4ヶ月前から
35129,,2017-01-17 19:36:23.230702,4ヶ月前から、
35130,,2017-01-17 19:36:23.231004,4ヶ月程前から、
35131,,0004-05-17 19:36:23.231302,4年から
35132,,2013-05-17 19:36:23.231576,4年くらい前から
35133,,2013-05-17 19:36:23.231865,4年ほど前から
35134,,2013-05-17 19:36:23.232155,4年ほど前から
35135,,2013-05-17 19:36:23.232454,4年ほど前から
35136,,2013-05-17 19:36:23.232755,4年ほど前から
35137,,2013-05-17 19:36:23.233052,4年ほど前から
35138,,2013-05-17 19:36:23.233346,4年ほど前から、
35139,,2013-05-17 19:36:23.233642,4年ほど前から、
35140,,2013-05-17 19:36:23.233996,4年位前より
35141,,2013-05-17 19:36:23.234305,4年前から
35142,,2013-05-17 19:36:23.234671,4年前から
35143,,2013-05-17 19:36:23.234994,4年前から
35144,,2013-05-17 19:36:23.235315,4年前から
35145,,2013-05-17 19:36:23.235682,4年前から
35146,,2013-05-17 19:36:23.236181,4年前から
35147,,2013-05-17 19:36:23.236645,4年前から、
35148,,2013-05-17 19:36:23.237108,4年前から、
35149,,2013-05-17 19:36:23.237565,4年前くらいから
35150,,2013-05-17 19:36:23.237938,4年前くらいから
35151,,2013-05-17 19:36:23.238347,4年前ぐらいから
35152,,2013-05-17 19:36:23.238723,4年前にリタイアしてから
35153,,2013-05-17 19:36:23.239094,4年前ほどから
35154,,2013-05-17 19:36:23.239416,4年前より
35155,,2013-05-17 19:36:23.239646,4年程前から
35156,,2013-05-17 19:36:23.239876,4年程前から、
35157,,2017-05-13 19:36:23.240106,4日ほど前から
35158,,2017-05-13 19:36:23.240325,4日前から
35159,,2017-05-13 19:36:23.240547,4日前から
35160,,2017-05-13 19:36:23.240769,4日前から
35161,,2017-05-13 19:36:23.240983,4日前から
35162,,2017-05-13 19:36:23.241209,4日前の23日より
35163,,2017-05-13 19:36:23.241437,4日程前から
35164,,2017-04-09 19:36:23.241655,4月9日より
35165,,2017-04-17 19:36:23.241886,4月から
35166,,2017-04-17 19:36:23.242093,4月から
35167,,2017-04-17 19:36:23.242296,4月から
35168,,2017-04-17 19:36:23.242491,4月から
35169,,2017-04-04 19:36:23.242757,4月の4日から
35170,4,,4歳の娘が先々週くらいから
35171,4,,4歳少し前くらいから
35172,,2012-05-17 19:36:23.243321,4～5年前から
35173,,2012-05-17 19:36:23.243558,4～5年前から
35174,,2012-05-17 19:36:23.243774,4～5年前から、
35175,,2011-05-17 19:36:23.244000,"5,6年ほど前から、"
35176,,2011-05-17 19:36:23.244226,5.6年前から
35177,55,,50代から
35178,55,,50代に入ってから
35179,50,,50歳になった頃から、
35180,50,,50歳を超えてから、
35181,50,,50歳を過ぎてから
35182,54,2017-05-17 20:36:23.245285,54歳、昨夜から
35183,,,58キロから
35184,,2016-12-17 19:36:23.245655,5か月くらい前から
35185,,,5と閉経時の数値より
35186,,2016-12-17 19:36:23.246062,5ヶ月前から
35187,,,5ヶ月頃から
35188,,,5ヶ月頃から
35189,,2012-05-17 19:36:23.246590,5年くらい前から
35190,,2012-05-17 19:36:23.246816,5年くらい前から
35191,,2012-05-17 19:36:23.247042,5年ぐらい前から
35192,,2012-05-17 19:36:23.247251,5年ぐらい前から
35193,,2012-05-17 19:36:23.247472,5年ほど前から
35194,,2012-05-17 19:36:23.247704,5年ほど前から
35195,,2012-05-17 19:36:23.247949,5年ほど前から
35196,,2012-05-17 19:36:23.248172,5年ほど前から
35197,,2012-05-17 19:36:23.248394,5年ほど前から
35198,,2012-05-17 19:36:23.248602,5年ほど前から
35199,,2012-05-17 19:36:23.248825,5年ほど前から
35200,,2012-05-17 19:36:23.249050,5年ほど前から
35201,,2012-05-17 19:36:23.249261,5年ほど前から
35202,,2012-05-17 19:36:23.249485,5年ほど前から
35203,,2012-05-17 19:36:23.249705,5年ほど前から
35204,,2012-05-17 19:36:23.249913,5年ほど前から
35205,,2012-05-17 19:36:23.250135,5年ほど前から
35206,,2012-05-17 19:36:23.250357,5年ほど前から
35207,,2012-05-17 19:36:23.250564,5年ほど前から、
35208,,2012-05-17 19:36:23.250786,5年ほど前から、
35209,,2012-05-17 19:36:23.251105,5年ほど前から、
35210,,2012-05-17 19:36:23.251440,5年ほど前から、
35211,,2012-05-17 19:36:23.251681,5年ほど前から、
35212,,2012-05-17 19:36:23.251907,5年ほど前から、
35213,,2012-05-17 19:36:23.252136,5年ほど前から、
35214,,2012-05-17 19:36:23.252447,5年ほど前から、
35215,,2012-05-17 19:36:23.252773,5年ほど前から、
35216,,2012-05-17 19:36:23.252991,5年ほど前から、
35217,,2012-05-17 19:36:23.253202,5年ほど前から、
35218,,2012-05-17 19:36:23.253410,5年ほど前から、
35219,,2012-05-17 19:36:23.253617,5年以上前から
35221,,2012-05-17 19:36:23.253895,5年前から
35222,,2012-05-17 19:36:23.254098,5年前から
35223,,2012-05-17 19:36:23.254300,5年前から
35224,,2012-05-17 19:36:23.254501,5年前から
35225,,2012-05-17 19:36:23.254702,5年前から、
35226,,2012-05-17 19:36:23.254946,5年前くらいから
35227,,2012-05-17 19:36:23.255167,5年前くらいから
35228,,2012-05-17 19:36:23.255375,5年前くらいから
35229,,2012-05-17 19:36:23.255583,5年前くらいから
35230,,2012-05-17 19:36:23.255790,5年前くらいから、
35231,,2012-05-17 19:36:23.256013,5年前ぐらいから
35232,,2012-05-17 19:36:23.256422,5年前ぐらいから、
35233,,2012-05-17 19:36:23.256833,5年前に出産してから
35234,,2012-05-17 19:36:23.257232,5年前に離婚してから
35235,,2012-05-17 19:36:23.257584,5年前ほどから
35236,,2012-05-17 19:36:23.258016,5年前位から
35237,,2012-05-17 19:36:23.258327,5年程前から
35238,,2012-05-17 19:36:23.258555,5年程前から
35239,,2012-05-17 19:36:23.258776,5年程前から
35240,,2012-05-17 19:36:23.258988,5年程前から、
35241,,2017-05-12 19:36:23.259203,5日ほど前から、
35242,,2017-05-12 19:36:23.259417,5日前から
35243,,2017-05-17 19:36:23.259627,5月から
35244,,2017-05-17 19:36:23.259881,5月から
35245,,2017-05-17 19:36:23.260098,5月に出産してから、
35246,,2017-05-17 19:36:23.260641,5月頃から
35247,5,,5歳ごろから
35248,5,,5歳ごろから
35249,5,,5歳の娘が2歳くらいから
35250,,,5程前から、
35251,,2011-05-17 19:36:23.261630,5～6年前から、
35252,63,,63歳の母年前から、
35253,65,,65歳男性
35254,,,6ヶ月頃から
35255,,2011-05-17 19:36:23.262464,6年ほど前から
35256,,2011-05-17 19:36:23.262766,6年ほど前から
35257,,2011-05-17 19:36:23.263102,6年ほど前から
35258,,2011-05-17 19:36:23.263550,6年ほど前から
35259,,2011-05-17 19:36:23.264049,6年前から
35260,,2011-05-17 19:36:23.264488,6年前から
35261,,2011-05-17 19:36:23.264881,6年前から
35262,,0006-05-17 19:36:23.265277,6年生から
35263,,2017-05-06 19:36:23.265547,6日後から
35264,,,7.8から
35265,,2009-05-17 19:36:23.266074,7〜8年前から
35266,,,7ヶ月の終わり頃から
35267,,2016-10-17 19:36:23.266860,7ヶ月前から
35268,,,7ヶ月頃から
35269,,2010-05-17 19:36:23.267603,7年ぐらい前から
35270,,2010-05-17 19:36:23.268239,7年ほど前から
35271,,2010-05-17 19:36:23.268582,7年ほど前から
35272,,2010-05-17 19:36:23.268891,7年ほど前から
35273,,2010-05-17 19:36:23.269206,7年前から
35274,,2010-05-17 19:36:23.269511,7年前から
35275,,2010-05-17 19:36:23.269826,7年程前から
35276,,2017-05-07 19:36:23.270126,7日から
35277,,2017-05-07 19:36:23.270408,7日から
35279,,2017-07-17 19:36:23.270806,7月終わりから
35280,85,,85歳ぐらいから
35281,,2016-09-17 19:36:23.271350,8か月前から
35282,,2016-09-17 19:36:23.271667,8か月前から
35283,,2009-05-17 19:36:23.271985,8年くらい前から
35284,,2009-05-17 19:36:23.272292,8年ほど前から
35285,,2009-05-17 19:36:23.272606,8年ほど前から
35286,,2009-05-17 19:36:23.272903,8年ほど前から
35287,,2009-05-17 19:36:23.273215,8年前から
35288,,2009-05-17 19:36:23.273514,8年前から
35289,,2009-05-17 19:36:23.273824,8年前以上から
35290,,2009-05-17 19:36:23.274122,8年程前から、
35291,,2017-05-17 08:36:23.274443,8時45分から
35292,,2017-08-17 19:36:23.274719,8月から
35293,,2017-08-17 19:36:23.275004,8月頃から
35295,,2017-09-17 19:36:23.275372,9月から
35297,,2017-09-17 19:36:23.275738,9月上旬から
35298,,2017-09-17 19:36:23.276012,9月初旬より
35300,,2017-09-17 19:36:23.276380,9月後半より
35301,,2017-09-17 19:36:23.276659,9月頃から、
35302,9,,9歳の頃から
35305,,,MRIを撮ってから
35307,,,℉前から
35308,,,　今年に入りましてから
35309,,2017-05-17 17:36:23.278121,　夕食後から
35310,10,,　子供の頃から
35311,,2014-05-17 19:36:23.278596,　数年前から
35312,,2014-05-17 19:36:23.278907,　数年前から、
